370.91	1.92
372.50	1.96
374.08	2.00
375.66	2.04
377.24	2.08
378.82	2.12
380.41	2.16
381.99	2.19
383.57	2.23
385.15	2.26
386.74	2.29
388.32	2.31
389.90	2.33
391.49	2.35
393.07	2.37
394.65	2.38
396.24	2.39
397.82	2.40
399.40	2.40
400.99	2.40
402.57	2.40
404.16	2.40
405.74	2.39
407.33	2.39
408.91	2.38
410.50	2.37
412.08	2.36
413.67	2.35
415.25	2.34
416.84	2.33
418.42	2.32
420.01	2.31
421.60	2.30
423.18	2.28
424.77	2.27
426.35	2.26
427.94	2.25
429.53	2.23
431.11	2.22
432.70	2.21
434.28	2.19
435.87	2.18
437.46	2.17
439.05	2.15
440.63	2.14
442.22	2.13
443.81	2.11
445.40	2.10
446.98	2.09
448.57	2.07
450.16	2.06
451.75	2.05
453.33	2.03
454.92	2.02
456.51	2.01
458.10	1.99
459.69	1.98
461.28	1.97
462.86	1.96
464.45	1.95
466.04	1.94
467.63	1.94
469.22	1.93
470.81	1.92
472.40	1.91
473.99	1.89
475.58	1.87
477.17	1.85
478.76	1.83
480.35	1.81
481.93	1.78
483.52	1.75
485.11	1.73
486.70	1.70
488.29	1.67
489.88	1.63
491.47	1.60
493.06	1.57
494.66	1.54
496.24	1.51
497.84	1.50
499.43	1.50
501.02	1.53
502.61	1.60
504.20	1.72
505.79	1.92
507.38	2.22
508.97	2.64
510.56	3.12
512.15	3.50
513.74	3.65
515.34	3.60
516.93	3.48
518.52	3.34
520.11	3.21
521.70	3.10
523.29	3.00
524.88	2.92
526.47	2.85
528.07	2.79
529.66	2.74
531.25	2.69
532.84	2.66
534.44	2.62
536.03	2.59
537.62	2.56
539.21	2.54
540.80	2.52
542.40	2.50
543.99	2.48
545.58	2.46
547.17	2.45
548.77	2.43
550.36	2.42
551.95	2.41
553.54	2.40
555.13	2.39
556.73	2.38
558.32	2.37
559.91	2.36
561.51	2.35
563.10	2.34
564.69	2.33
566.28	2.33
567.88	2.32
569.47	2.31
571.06	2.31
572.65	2.30
574.25	2.29
575.84	2.29
577.43	2.28
579.03	2.28
580.62	2.27
582.21	2.27
583.81	2.26
585.40	2.26
586.99	2.25
588.59	2.25
590.18	2.25
591.77	2.24
593.37	2.24
594.96	2.23
596.55	2.23
598.15	2.23
599.74	2.22
601.33	2.22
602.93	2.22
604.52	2.21
606.11	2.21
607.71	2.21
609.30	2.20
610.89	2.20
612.49	2.20
614.08	2.20
615.67	2.19
617.27	2.19
618.86	2.19
620.45	2.19
622.05	2.18
623.64	2.18
625.23	2.18
626.83	2.18
628.42	2.17
630.01	2.17
631.61	2.17
633.20	2.17
634.79	2.17
636.39	2.16
637.98	2.16
639.57	2.16
641.17	2.16
642.76	2.16
644.36	2.15
645.95	2.15
647.54	2.15
649.13	2.15
650.73	2.15
652.32	2.15
653.92	2.14
655.51	2.14
657.10	2.14
658.69	2.14
660.29	2.14
661.88	2.14
663.47	2.14
665.07	2.13
666.66	2.13
668.25	2.13
669.84	2.13
671.44	2.13
673.03	2.13
674.62	2.13
676.22	2.12
677.81	2.12
679.40	2.12
681.00	2.12
682.59	2.12
684.18	2.12
685.77	2.12
687.37	2.12
688.96	2.11
690.55	2.11
692.14	2.11
693.73	2.11
695.33	2.11
696.92	2.11
698.51	2.11
700.11	2.11
701.70	2.11
703.29	2.10
704.88	2.10
706.48	2.10
708.07	2.10
709.66	2.10
711.25	2.10
712.84	2.10
714.43	2.10
716.03	2.10
717.62	2.10
719.21	2.10
720.80	2.09
722.39	2.09
723.99	2.09
725.58	2.09
727.17	2.09
728.76	2.09
730.35	2.09
731.94	2.09
733.53	2.09
735.13	2.09
736.72	2.09
738.30	2.09
739.90	2.08
741.49	2.08
743.08	2.08
744.67	2.08
746.26	2.08
747.85	2.08
749.44	2.08
751.03	2.08
752.62	2.08
754.21	2.08
755.80	2.08
757.39	2.08
758.98	2.08
760.57	2.08
762.16	2.07
763.75	2.07
765.34	2.07
766.93	2.07
768.52	2.07
770.11	2.07
771.70	2.07
773.29	2.07
774.88	2.07
776.47	2.07
778.06	2.07
779.65	2.07
781.23	2.07
782.82	2.07
784.41	2.07
786.00	2.07
787.59	2.07
789.18	2.06
790.77	2.06
792.35	2.06
793.94	2.06
795.53	2.06
797.12	2.06
798.71	2.06
800.30	2.06
801.88	2.06
803.47	2.06
805.06	2.06
806.64	2.06
808.23	2.06
809.82	2.06
811.40	2.06
812.99	2.06
814.58	2.06
816.16	2.06
817.75	2.06
819.34	2.06
820.92	2.05
822.51	2.05
824.10	2.05
825.68	2.05
827.27	2.05
828.85	2.05
830.44	2.05
832.03	2.05
833.61	2.05
835.19	2.05
836.78	2.05
838.37	2.05
839.95	2.05
841.54	2.05
843.12	2.05
844.70	2.05
846.29	2.05
847.87	2.05
849.46	2.05
851.04	2.05
852.62	2.05
854.20	2.05
855.79	2.05
857.38	2.05
858.96	2.04
860.54	2.04
862.12	2.04
863.71	2.04
865.29	2.04
866.87	2.04
868.45	2.04
870.03	2.04
871.62	2.04
873.20	2.04
874.78	2.04
876.36	2.04
877.94	2.04
879.53	2.04
881.10	2.04
882.69	2.04
884.27	2.04
885.85	2.04
887.43	2.04
889.01	2.04
890.59	2.04
892.17	2.04
893.75	2.04
895.33	2.04
896.91	2.04
898.49	2.04
900.07	2.04
901.64	2.04
903.23	2.04
904.80	2.03
906.38	2.03
907.96	2.03
909.54	2.03
911.11	2.03
912.70	2.03
914.27	2.03
915.85	2.03
917.43	2.03
919.00	2.03
920.58	2.03
922.16	2.03
923.73	2.03
925.31	2.03
926.89	2.03
928.46	2.03
930.04	2.03
931.62	2.03
933.19	2.03
934.76	2.03
936.34	2.03
937.92	2.03
939.49	2.03
941.06	2.03
942.64	2.03
944.22	2.03
945.79	2.03
947.36	2.03
948.94	2.03
950.51	2.03
952.08	2.03
953.66	2.03
955.23	2.03
956.80	2.03
958.38	2.03
959.95	2.03
961.52	2.02
963.09	2.02
964.66	2.02
966.23	2.02
967.80	2.02
969.38	2.02
970.95	2.02
972.52	2.02
974.09	2.02
975.66	2.02
977.23	2.02
978.80	2.02
980.37	2.02
981.94	2.02
983.51	2.02
985.07	2.02
986.65	2.02
988.21	2.02
989.78	2.02
991.35	2.02
992.91	2.02
994.48	2.02
996.05	2.02
997.62	2.02
999.19	2.02
1013.00	2.02
1016.41	2.02
1019.81	2.02
1023.22	2.02
1026.62	2.02
1030.03	2.02
1033.43	2.02
1036.84	2.01
1040.25	2.01
1043.66	2.01
1047.07	2.01
1050.47	2.01
1053.88	2.01
1057.29	2.01
1060.70	2.01
1064.11	2.01
1067.52	2.01
1070.93	2.01
1074.34	2.01
1077.75	2.01
1081.16	2.01
1084.57	2.01
1087.99	2.01
1091.40	2.01
1094.81	2.01
1098.23	2.01
1101.64	2.01
1105.06	2.01
1108.47	2.01
1111.89	2.01
1115.30	2.01
1118.72	2.01
1122.13	2.01
1125.54	2.01
1128.97	2.00
1132.38	2.00
1135.79	2.00
1139.22	2.00
1142.63	2.00
1146.05	2.00
1149.47	2.00
1152.89	2.00
1156.31	2.00
1159.73	2.00
1163.14	2.00
1166.57	2.00
1169.98	2.00
1173.40	2.00
1176.82	2.00
1180.25	2.00
1183.68	2.00
1187.09	2.00
1190.52	2.00
1193.94	2.00
1197.36	2.00
1200.79	2.00
1204.21	2.00
1207.63	2.00
1211.06	2.00
1214.48	2.00
1217.91	2.00
1221.34	2.00
1224.77	2.00
1228.19	2.00
1231.61	2.00
1235.04	2.00
1238.47	2.00
1241.90	2.00
1245.32	2.00
1248.76	1.99
1252.19	1.99
1255.61	1.99
1259.04	1.99
1262.48	1.99
1265.91	1.99
1269.33	1.99
1272.77	1.99
1276.20	1.99
1279.63	1.99
1283.06	1.99
1286.49	1.99
1289.93	1.99
1293.36	1.99
1296.80	1.99
1300.22	1.99
1303.66	1.99
1307.09	1.99
1310.53	1.99
1313.96	1.99
1317.40	1.99
1320.84	1.99
1324.28	1.99
1327.71	1.99
1331.15	1.99
1334.58	1.99
1338.03	1.99
1341.46	1.99
1344.89	1.99
1348.34	1.99
1351.78	1.99
1355.21	1.99
1358.66	1.99
1362.09	1.99
1365.54	1.99
1368.98	1.99
1372.42	1.99
1375.86	1.99
1379.30	1.99
1382.75	1.99
1386.18	1.99
1389.63	1.99
1393.07	1.99
1396.52	1.99
1399.95	1.98
1403.41	1.98
1406.85	1.98
1410.29	1.98
1413.75	1.98
1417.19	1.98
1420.63	1.98
1424.07	1.98
1427.52	1.98
1430.98	1.98
1434.42	1.98
1437.86	1.98
1441.31	1.98
1444.77	1.98
1448.21	1.98
1451.65	1.98
1455.11	1.98
1458.55	1.98
1462.01	1.98
1465.46	1.98
1468.90	1.98
1472.36	1.98
1475.81	1.98
1479.26	1.98
1482.71	1.98
1486.18	1.98
1489.62	1.98
1493.08	1.98
1496.53	1.98
1499.98	1.98
1503.44	1.98
1506.89	1.98
1510.34	1.98
1513.81	1.98
1517.26	1.98
1520.72	1.98
1524.18	1.98
1527.63	1.98
1531.08	1.98
1534.55	1.98
1538.00	1.98
1541.46	1.98
1544.92	1.98
1548.39	1.98
1551.84	1.98
1555.30	1.98
1558.77	1.98
1562.22	1.98
1565.67	1.98
1569.14	1.98
1572.61	1.98
1576.06	1.98
1579.52	1.98
1582.99	1.98
1586.45	1.97
1589.91	1.97
1593.38	1.97
1596.85	1.97
1600.31	1.97
1603.77	1.97
1607.24	1.97
1610.71	1.97
1614.17	1.97
1617.62	1.97
1621.09	1.97
1624.57	1.97
1628.03	1.97
1631.50	1.97
1634.96	1.97
1638.44	1.97
1641.89	1.97
1645.38	1.97
1648.84	1.97
1652.31	1.97
1655.77	1.97
1659.25	1.97
1662.72	1.97
1666.19	1.97
1669.66	1.97
1673.13	1.97
1676.59	1.97
1680.07	1.97
1683.54	1.97
1687.02	1.97