250	6.50E-05
253.85	2.50E-05
257.69	1.20E-05
261.54	7.00E-06
265.38	5.50E-06
269.23	4.65E-06
273.08	4.04E-06
276.92	3.37E-06
280.77	2.77E-06
284.62	2.24E-06
288.46	1.77E-06
292.31	1.44E-06
296.15	1.20E-06
300	1.01E-06
303.85	8.46E-07
307.69	6.95E-07
311.54	5.41E-07
315.38	3.88E-07
319.23	2.48E-07
323.08	1.38E-07
326.92	6.20E-08
330.77	2.00E-08
334.62	0
338.46	0
342.31	0
346.15	0
350	0
353.85	0
357.69	0
361.54	0
365.38	0
369.23	0
373.08	0
376.92	0
380.77	0
384.62	0
388.46	0
392.31	0
396.15	0
400	0
405	0
415.93	0
426.86	0
437.8	0
448.73	0
459.66	0
470.59	0
481.53	0
492.46	0
503.39	0
514.32	0
525.25	0
536.19	0
547.12	0
558.05	0
568.98	0
579.92	0
590.85	0
601.78	0
612.71	0
623.64	0
634.58	0
645.51	0
656.44	0
667.37	0
678.31	0
689.24	0
700.17	0
711.1	0
722.03	0
732.97	0
743.9	0
754.83	0
765.76	0
776.69	0
787.63	0
798.56	0
809.49	0
820.42	0
831.36	0
842.29	0
853.22	0
864.15	0
875.08	0
886.02	0
896.95	0
907.88	0
918.81	0
929.75	0
940.68	0
951.61	0
962.54	0
973.47	0
984.41	0
995.34	0
1006.3	0
1017.2	0
1028.1	0
1039.1	0
1050	0
1060	0
1071.3	0
1082.6	0
1093.8	0
1105.1	0
1116.4	0
1127.7	0
1139	0
1150.3	1.34E-06
1161.5	2.97E-06
1172.8	5.84E-06
1184.1	7.68E-06
1195.4	6.14E-06
1206.7	2.97E-06
1217.9	1.09E-06
1229.2	0
1240.5	0
1251.8	0
1263.1	0
1274.4	0
1285.6	0
1296.9	0
1308.2	0
1319.5	0
1330.8	0
1342.1	7.44E-07
1353.3	3.24E-06
1364.6	6.64E-06
1375.9	8.82E-06
1387.2	9.51E-06
1398.5	9.28E-06
1409.7	9.73E-06
1421	1.05E-05
1432.3	1.13E-05
1443.6	1.07E-05
1454.9	8.52E-06
1466.2	6.19E-06
1477.4	4.46E-06
1488.7	3.55E-06
1500	2.81E-06
1510	2.38E-06
1516.2	2.23E-06
1522.5	2.06E-06
1528.7	2.08E-06
1534.9	2.11E-06
1541.1	2.22E-06
1547.4	2.31E-06
1553.6	2.43E-06
1559.8	2.50E-06
1566	2.57E-06
1572.3	2.63E-06
1578.5	2.61E-06
1584.7	2.62E-06
1590.9	2.64E-06
1597.2	2.77E-06
1603.4	2.94E-06
1609.6	3.16E-06
1615.8	3.41E-06
1622.1	3.60E-06
1628.3	3.94E-06
1634.5	4.28E-06
1640.8	5.08E-06
1647	6.53E-06
1653.2	9.97E-06
1659.4	1.60E-05
1665.7	2.69E-05
1671.9	4.35E-05
1678.1	6.19E-05
1684.3	7.70E-05
1690.6	8.52E-05
1696.8	8.64E-05
1703	8.43E-05
1709.2	8.14E-05
1715.5	8.05E-05
1721.7	8.09E-05
1727.9	7.99E-05
1734.2	7.66E-05
1740.4	7.13E-05
1746.6	6.58E-05
1752.8	6.04E-05
1759.1	5.49E-05
1765.3	4.85E-05
1771.5	4.21E-05
1777.7	3.68E-05
1784	3.36E-05
1790.2	3.25E-05
1796.4	3.21E-05
1802.6	3.18E-05
1808.9	3.13E-05
1815.1	3.02E-05
1821.3	2.94E-05
1827.5	2.80E-05
1833.8	2.60E-05
1840	2.40E-05
1846.2	2.17E-05
1852.5	2.05E-05
1858.7	1.96E-05
1864.9	1.91E-05
1871.1	1.99E-05
1877.4	2.14E-05
1883.6	2.33E-05
1889.8	2.62E-05
1896	2.99E-05
1902.3	3.36E-05
1908.5	3.60E-05
1914.7	3.73E-05
1920.9	3.61E-05
1927.2	3.47E-05
1933.4	3.42E-05
1939.6	3.41E-05
1945.8	3.46E-05
1952.1	3.47E-05
1958.3	3.30E-05
1964.5	3.16E-05
1970.8	2.93E-05
1977	2.83E-05
1983.2	2.87E-05
1989.4	2.93E-05
1995.7	3.02E-05
2001.9	3.16E-05
2008.1	3.31E-05
2014.3	3.54E-05
2020.6	3.86E-05
2026.8	4.07E-05
2033	4.35E-05
2039.2	4.45E-05
2045.5	4.67E-05
2051.7	4.77E-05
2057.9	4.99E-05
2064.2	5.31E-05
2070.4	5.52E-05
2076.6	5.62E-05
2082.8	5.73E-05
2089.1	5.67E-05
2095.3	5.82E-05
2101.5	6.08E-05
2107.7	6.85E-05
2114	7.61E-05
2120.2	8.44E-05
2126.4	8.78E-05
2132.6	9.04E-05
2138.9	8.96E-05
2145.1	8.60E-05
2151.3	8.47E-05
2157.5	8.25E-05
2163.8	7.85E-05
2170	7.45E-05
2176.2	7.34E-05
2182.5	7.27E-05
2188.7	7.41E-05
2194.9	7.80E-05
2201.1	8.67E-05
2207.4	9.99E-05
2213.6	0.00012189
2219.8	0.00015735
2226	0.00020622
2232.3	0.00026953
2238.5	0.00034187
2244.7	0.00042516
2250.9	0.0005204
2257.2	0.00061606
2263.4	0.00068193
2269.6	0.00070865
2275.8	0.00071297
2282.1	0.00072633
2288.3	0.00075762
2294.5	0.00079031
2300.8	0.00080134
2307	0.00076401
2313.2	0.00068472
2319.4	0.00060201
2325.7	0.00053839
2331.9	0.00050876
2338.1	0.00050144
2344.3	0.00050103
2350.6	0.00049747
2356.8	0.0004774
2363	0.00045586
2369.2	0.00044409
2375.5	0.0004464
2381.7	0.00045039
2387.9	0.00046961
2394.2	0.00048104
2400.4	0.00049457
2406.6	0.00050664
2412.8	0.00052024
2419.1	0.00053027
2425.3	0.00054266
2431.5	0.00056949
2437.7	0.00059185
2444	0.00061247
2450.2	0.00059653
2456.4	0.00056181
2462.6	0.00053774
2468.9	0.00050114
2475.1	0.00046868
2481.3	0.0004408
2487.5	0.00040001
2493.8	0.00035938
2500	0.00033355
2516.9	5.02E-03
2526.8	5.34E-03
2536.6	5.59E-03
2546.6	5.24E-03
2556.7	4.41E-03
2566.8	3.99E-03
2577	3.63E-03
2587.3	3.81E-03
2597.6	4.79E-03
2608.1	5.71E-03
2618.6	5.66E-03
2629.3	5.62E-03
2640	5.65E-03
2645.4	5.55E-03
2656.2	5.35E-03
2667.1	4.89E-03
2678.2	4.54E-03
2689.3	4.35E-03
2694.9	4.50E-03
2706.1	4.93E-03
2717.5	5.20E-03
2728.9	5.50E-03
2734.7	5.58E-03
2746.2	5.35E-03
2757.9	5.32E-03
2769.7	4.89E-03
2775.6	4.57E-03
2787.6	4.37E-03
2799.6	4.81E-03
2805.7	5.08E-03
2817.9	5.42E-03
2824	5.40E-03
2836.4	4.52E-03
2848.9	3.39E-03
2855.1	3.17E-03
2867.8	3.39E-03
2874.1	3.49E-03
2886.9	3.42E-03
2899.8	4.45E-03
2906.3	5.00E-03
2919.4	5.28E-03
2926	5.22E-03
2939.3	4.95E-03
2946	4.89E-03
2959.4	4.52E-03
2966.2	4.46E-03
2979.8	4.93E-03
2986.7	5.14E-03
2993.6	5.17E-03
3007.5	4.71E-03
3014.5	4.38E-03
3028.6	3.61E-03
3035.7	3.42E-03
3049.9	3.29E-03
3057.1	3.32E-03
3064.4	3.66E-03
3078.9	4.28E-03
3086.3	4.27E-03
3093.6	4.25E-03
3108.5	4.67E-03
3115.9	4.88E-03
3123.4	5.00E-03
3138.6	4.90E-03
3146.2	4.56E-03
3153.8	4.60E-03
3169.3	5.46E-03
3177	5.53E-03
3184.8	5.40E-03
3192.7	5.05E-03
3208.5	4.58E-03
3216.4	4.74E-03
3224.4	4.96E-03
3232.5	5.07E-03
3248.7	4.94E-03
3256.9	4.86E-03
3265.1	5.19E-03
3273.3	6.09E-03
3289.9	9.62E-03
3298.3	1.23E-02
3306.7	1.57E-02
3315.2	2.03E-02
3323.7	2.54E-02
3332.2	2.92E-02
3349.4	2.77E-02
3358.1	2.47E-02
3366.8	2.50E-02
3375.6	3.02E-02
3384.4	3.65E-02
3393.3	3.77E-02
3402.2	3.31E-02
3411.1	2.72E-02
3429.2	1.97E-02
3438.3	1.70E-02
3447.4	1.50E-02
3456.6	1.35E-02
3465.8	1.21E-02
3475.1	1.05E-02
3484.5	9.12E-03
3493.9	8.17E-03
3503.3	8.11E-03
3512.8	8.66E-03
3522.4	8.58E-03
3532	7.55E-03
3541.6	6.40E-03
3551.3	5.54E-03
3561.1	4.93E-03
3570.9	4.65E-03
3580.7	4.54E-03
3590.7	4.41E-03
3600.6	4.51E-03
3610.7	4.83E-03
3620.7	4.68E-03
3630.9	4.18E-03
3641.1	3.98E-03
3651.3	4.10E-03
3661.7	4.15E-03
3672	3.93E-03
3682.5	3.77E-03
3693	3.82E-03
3703.5	3.81E-03
3714.1	3.63E-03
3724.8	3.54E-03
3735.5	3.71E-03
3746.3	4.02E-03
3757.2	4.32E-03
3768.1	4.54E-03
3779.1	4.56E-03
3790.1	4.34E-03
3801.3	4.19E-03
3812.4	4.34E-03
3823.7	4.32E-03
3835	4.07E-03
3846.4	3.92E-03
3857.8	3.83E-03
3869.3	3.85E-03
3880.9	4.13E-03
3892.6	4.47E-03
3904.3	4.36E-03
3916.1	3.92E-03
3928	3.84E-03
3939.9	4.09E-03
3951.9	4.11E-03
3964	3.93E-03
3976.2	4.01E-03
3988.4	4.30E-03
4000.7	4.41E-03
4013.1	4.12E-03
4025.5	3.82E-03
4038.1	3.84E-03
4050.7	3.92E-03
4063.4	3.97E-03
4076.2	3.95E-03
4089	3.84E-03
4102	3.73E-03
4115	3.69E-03
4128.1	3.86E-03
4141.3	4.09E-03
4154.6	4.08E-03
4167.9	3.92E-03
4181.4	3.89E-03
4194.9	3.96E-03
4208.5	4.13E-03
4222.2	4.46E-03
4236	5.06E-03
4249.9	5.46E-03
4263.9	5.08E-03
4278	4.42E-03
4292.1	3.93E-03
4306.4	3.92E-03
4320.8	3.80E-03
4335.2	3.45E-03
4349.8	3.20E-03
4364.4	3.23E-03
4379.1	3.56E-03
4394	3.85E-03
4408.9	3.87E-03
4424	3.79E-03
4439.1	3.81E-03
4454.4	3.77E-03
4469.7	3.60E-03
4485.2	3.41E-03
4500.8	3.27E-03
4516.5	3.30E-03
4532.3	3.52E-03
4548.2	3.69E-03
4564.2	3.76E-03
4580.3	3.83E-03
4596.5	4.04E-03
4612.9	4.16E-03
4629.4	4.13E-03
4646	4.00E-03
4662.7	3.94E-03
4679.5	4.14E-03
4696.5	4.36E-03
4713.6	4.36E-03
4730.8	4.33E-03
4748.1	4.37E-03
4765.5	4.34E-03
4783.1	4.42E-03
4800.8	4.42E-03
4818.7	4.26E-03
4836.7	4.18E-03
4854.8	4.20E-03
4873	4.31E-03
4891.4	4.51E-03
4910	4.58E-03
4928.6	4.50E-03
4947.4	4.34E-03
4966.4	4.22E-03
4985.5	4.27E-03
5004.7	4.56E-03
5024.1	4.64E-03
5043.7	4.61E-03
5063.4	4.80E-03
5083.2	4.93E-03
5103.3	4.97E-03
5123.4	4.94E-03
5143.8	4.80E-03
5164.3	4.73E-03
5184.9	4.44E-03
5205.7	4.28E-03
5226.7	4.42E-03
5247.9	4.33E-03
5269.2	3.98E-03
5290.7	4.01E-03
5312.4	4.15E-03
5334.3	4.11E-03
5356.3	4.11E-03
5378.5	4.03E-03
5400.9	4.07E-03
5423.5	4.54E-03
5446.3	4.89E-03
5469.3	4.83E-03
5492.5	4.85E-03
5515.9	5.35E-03
5539.4	5.97E-03
5563.2	6.51E-03
5587.2	7.00E-03
5611.4	7.86E-03
5635.8	8.77E-03
5660.4	1.18E-02
5685.2	2.20E-02
5710.3	8.34E-02
5735.5	2.21E-01
5761	3.50E-01
5786.7	3.64E-01
5812.7	2.46E-01
5838.9	1.02E-01
5865.3	3.97E-02
5891.9	2.45E-02
5918.8	1.92E-02
5946	1.56E-02
5973.4	1.22E-02
6001.1	1.07E-02
6029	9.96E-03
6057.1	9.68E-03
6085.6	9.72E-03
6114.3	9.62E-03
6143.3	9.42E-03
6172.5	9.49E-03
6202	8.93E-03
6231.9	8.23E-03
6262	8.03E-03
6292.4	7.71E-03
6323.1	7.52E-03
6354.1	7.86E-03
6385.4	8.53E-03
6417	8.57E-03
6448.9	7.87E-03
6481.1	7.41E-03
6513.7	7.79E-03
6546.6	8.46E-03
6579.8	8.57E-03
6613.4	9.58E-03
6647.3	1.47E-02
6681.6	3.08E-02
6716.2	5.35E-02
6751.2	6.44E-02
6786.5	6.19E-02
6822.3	6.27E-02
6858.3	7.66E-02
6894.8	9.16E-02
6931.7	9.47E-02
6969	8.31E-02
7006.6	5.46E-02
7044.7	2.79E-02
7083.2	1.96E-02
7122.1	2.34E-02
7161.5	3.21E-02
7201.3	3.95E-02
7241.5	3.70E-02
7282.2	2.96E-02
7323.3	2.58E-02
7364.9	2.37E-02
7407	2.15E-02
7449.6	2.03E-02
7492.6	2.00E-02
7536.2	2.07E-02
7580.3	2.24E-02
7624.9	2.48E-02
7670	2.91E-02
7715.6	3.71E-02
7761.8	5.31E-02
7808.6	8.37E-02
7855.9	1.12E-01
7903.8	1.16E-01
7952.3	1.16E-01
8001.4	1.36E-01
8051.1	1.51E-01
8101.4	1.31E-01
8152.4	9.40E-02
8204	7.51E-02
8256.2	9.23E-02
8309.1	1.53E-01
8362.8	2.12E-01
8417.1	2.18E-01
8472.1	2.00E-01
8527.8	2.00E-01
8584.3	2.28E-01
8641.5	2.92E-01
8699.5	3.31E-01
8758.3	2.75E-01
8817.9	1.77E-01
8878.3	1.13E-01
8939.5	7.85E-02
9001.6	5.75E-02
9064.5	4.44E-02
9128.4	3.66E-02
9193.1	3.38E-02
9258.8	3.48E-02
9325.4	3.89E-02
9393	3.99E-02
9461.5	2.99E-02
9531.1	1.63E-02
9601.7	1.02E-02
9673.3	8.77E-03
9746.1	8.58E-03
9819.9	9.73E-03
9894.9	1.55E-02
9971	3.34E-02
10048	5.75E-02
10127	6.74E-02
10207	6.14E-02
10288	5.68E-02
10370	5.38E-02
10453	4.39E-02
10538	3.29E-02
10625	2.67E-02
10713	2.42E-02
10802	2.41E-02
10893	2.58E-02
10985	2.48E-02
11079	1.96E-02
11174	1.46E-02
11272	1.31E-02
11370	1.34E-02
11471	1.44E-02
11573	1.76E-02
11678	2.35E-02
11784	3.20E-02
11892	3.53E-02
12002	2.89E-02
12114	2.29E-02
12229	2.10E-02
12345	2.09E-02
12464	1.77E-02
12585	1.24E-02
12708	1.08E-02
12834	1.23E-02
12962	1.71E-02
13093	2.81E-02
13227	4.44E-02
13363	4.41E-02
13502	2.36E-02
13645	1.06E-02
13790	6.29E-03
13938	3.83E-03
14089	3.67E-03
14244	3.87E-03
14403	3.93E-03
14564	3.65E-03
14730	3.54E-03
14899	3.29E-03
15072	1.90E-03
15250	2.67E-03
15431	4.59E-03
15617	6.46E-03
15808	7.22E-03
16003	6.82E-03
16203	5.75E-03
16408	4.52E-03
16618	3.24E-03
16834	4.21E-03
17056	6.39E-03
17283	5.17E-03
17517	4.35E-03
17757	5.50E-03
18003	6.08E-03
18257	6.93E-03
18518	8.55E-03
18786	1.01E-02
19062	1.34E-02
19347	1.53E-02
19640	1.62E-02
19942	1.61E-02