61.99200 	6.64E-01
62.50900 	6.57E-01
63.03000 	6.50E-01
63.55600 	6.42E-01
64.08500 	6.34E-01
64.62000 	6.26E-01
65.15800 	6.18E-01
65.70200 	6.10E-01
66.24900 	6.01E-01
66.80200 	5.92E-01
67.35900 	5.83E-01
67.92000 	5.73E-01
68.48600 	5.64E-01
69.05700 	5.53E-01
69.63300 	5.43E-01
70.21400 	5.32E-01
70.79900 	5.20E-01
71.38900 	5.08E-01
71.98400 	4.96E-01
72.58500 	4.83E-01
73.19000 	4.70E-01
73.80000 	4.56E-01
74.41500 	4.41E-01
75.03500 	4.26E-01
75.66100 	4.09E-01
76.29200 	3.92E-01
76.92800 	3.74E-01
77.56900 	3.54E-01
78.21600 	3.33E-01
78.86800 	3.10E-01
79.52500 	2.85E-01
80.18800 	2.58E-01
80.85700 	2.28E-01
81.53100 	1.94E-01
82.21100 	1.57E-01
82.89600 	1.22E-01
83.58700 	9.55E-02
84.28400 	7.91E-02
84.98700 	6.88E-02
85.69500 	6.20E-02
86.41000 	5.72E-02
87.13000 	5.36E-02
87.85700 	5.09E-02
88.58900 	4.87E-02
89.32800 	4.70E-02
90.07200 	4.56E-02
90.82300 	4.44E-02
91.58000 	4.35E-02
92.34400 	4.27E-02
93.11400 	4.21E-02
93.89000 	4.15E-02
94.67300 	4.11E-02
95.46200 	4.07E-02
96.25800 	4.04E-02
97.06000 	4.02E-02
97.87000 	4.00E-02
98.68600 	3.99E-02
99.50800 	3.98E-02
100.34000 	3.97E-02
101.17000 	3.97E-02
102.02000 	3.98E-02
102.87000 	3.98E-02
103.73000 	3.99E-02
104.59000 	4.00E-02
105.46000 	4.02E-02
106.34000 	4.04E-02
107.23000 	4.05E-02
108.12000 	4.08E-02
109.02000 	4.10E-02
109.93000 	4.12E-02
110.85000 	4.15E-02
111.77000 	4.18E-02
112.71000 	4.21E-02
113.64000 	4.24E-02
114.59000 	4.28E-02
115.55000 	4.31E-02
116.51000 	4.35E-02
117.48000 	4.39E-02
118.46000 	4.43E-02
119.45000 	4.48E-02
120.45000 	4.52E-02
121.45000 	4.57E-02
122.46000 	4.61E-02
123.48000 	4.66E-02
124.51000 	4.71E-02
125.55000 	4.76E-02
126.60000 	4.82E-02
127.65000 	4.87E-02
128.72000 	4.93E-02
129.79000 	4.99E-02
130.87000 	5.05E-02
131.96000 	5.11E-02
133.06000 	5.17E-02
134.17000 	5.24E-02
135.29000 	5.30E-02
136.42000 	5.37E-02
137.56000 	5.44E-02
138.70000 	5.51E-02
139.86000 	5.58E-02
141.03000 	5.66E-02
142.20000 	5.73E-02
143.39000 	5.81E-02
144.58000 	5.89E-02
145.79000 	5.97E-02
147.00000 	6.06E-02
148.23000 	6.14E-02
149.46000 	6.23E-02
150.71000 	6.32E-02
151.97000 	6.41E-02
153.23000 	6.50E-02
154.51000 	6.60E-02
155.80000 	6.69E-02
157.10000 	6.79E-02
158.41000 	6.89E-02
159.73000 	7.00E-02
161.06000 	7.10E-02
162.40000 	7.21E-02
163.76000 	7.32E-02
165.12000 	7.43E-02
166.50000 	7.54E-02
167.89000 	7.66E-02
169.29000 	7.78E-02
170.70000 	7.90E-02
172.12000 	8.02E-02
173.56000 	8.15E-02
175.00000 	8.28E-02
176.46000 	8.41E-02
177.93000 	8.55E-02
179.42000 	8.68E-02
180.91000 	8.82E-02
182.42000 	8.97E-02
183.94000 	9.11E-02
185.47000 	9.26E-02
187.02000 	9.41E-02
188.58000 	9.57E-02
190.15000 	9.72E-02
191.74000 	9.89E-02
193.34000 	1.01E-01
194.95000 	1.02E-01
196.57000 	1.04E-01
198.21000 	1.06E-01
199.86000 	1.07E-01
201.53000 	1.09E-01
203.21000 	1.11E-01
204.90000 	1.13E-01
206.61000 	1.15E-01
208.34000 	1.17E-01
210.07000 	1.19E-01
211.82000 	1.21E-01
213.59000 	1.23E-01
215.37000 	1.25E-01
217.17000 	1.27E-01
218.98000 	1.29E-01
220.80000 	1.32E-01
222.64000 	1.34E-01
224.50000 	1.36E-01
226.37000 	1.39E-01
228.26000 	1.41E-01
230.16000 	1.44E-01
232.08000 	1.46E-01
234.01000 	1.49E-01
235.97000 	1.51E-01
237.93000 	1.54E-01
239.92000 	1.57E-01
241.92000 	1.59E-01
243.93000 	1.62E-01
245.97000 	1.65E-01
248.02000 	1.68E-01
250.09000 	1.71E-01
252.17000 	1.74E-01
254.27000 	1.77E-01
256.39000 	1.80E-01
258.53000 	1.84E-01
260.69000 	1.87E-01
262.86000 	1.90E-01
265.05000 	1.93E-01
267.26000 	1.97E-01
269.49000 	2.00E-01
271.73000 	2.04E-01
274.00000 	2.08E-01
276.28000 	2.11E-01
278.59000 	2.15E-01
280.91000 	2.19E-01
283.25000 	2.23E-01
285.61000 	2.26E-01
287.99000 	2.30E-01
290.40000 	2.34E-01
292.82000 	2.39E-01
295.26000 	2.43E-01
297.72000 	2.47E-01
300.20000 	2.51E-01
302.70000 	2.56E-01
305.23000 	2.60E-01
307.77000 	2.65E-01
310.34000 	2.69E-01
312.93000 	2.74E-01
315.53000 	2.79E-01
318.17000 	2.83E-01
320.82000 	2.88E-01
323.49000 	2.93E-01
326.19000 	2.98E-01
328.91000 	3.03E-01
331.65000 	3.08E-01
334.42000 	3.14E-01
337.20000 	3.19E-01
340.01000 	3.24E-01
342.85000 	3.30E-01
345.71000 	3.35E-01
348.59000 	3.41E-01
351.50000 	3.47E-01
354.43000 	3.53E-01
357.38000 	3.59E-01
360.36000 	3.65E-01
363.36000 	3.71E-01
366.39000 	3.78E-01
369.45000 	3.84E-01
372.53000 	3.91E-01
375.63000 	3.97E-01
378.77000 	4.04E-01
381.92000 	4.11E-01
385.11000 	4.19E-01
388.32000 	4.26E-01
391.56000 	4.33E-01
394.82000 	4.41E-01
398.11000 	4.49E-01
401.43000 	4.57E-01
404.78000 	4.65E-01
408.15000 	4.73E-01
411.56000 	4.82E-01
414.99000 	4.91E-01
418.45000 	5.00E-01
421.93000 	5.09E-01
425.45000 	5.19E-01
429.00000 	5.28E-01
432.58000 	5.38E-01
436.18000 	5.49E-01
439.82000 	5.59E-01
443.49000 	5.70E-01
447.18000 	5.81E-01
450.91000 	5.93E-01
454.67000 	6.04E-01
458.46000 	6.16E-01
462.28000 	6.28E-01
466.14000 	6.41E-01
470.02000 	6.54E-01
473.94000 	6.67E-01
477.89000 	6.81E-01
481.88000 	6.95E-01
485.89000 	7.09E-01
489.94000 	7.24E-01
494.03000 	7.39E-01
498.15000 	7.54E-01
502.30000 	7.70E-01
506.49000 	7.86E-01
510.71000 	8.02E-01
514.97000 	8.19E-01
519.26000 	8.37E-01
523.59000 	8.54E-01
527.96000 	8.72E-01
532.36000 	8.90E-01
536.80000 	9.09E-01
541.27000 	9.28E-01
545.78000 	9.47E-01
550.33000 	9.67E-01
554.92000 	9.87E-01
559.55000 	1.01E+00
564.21000 	1.03E+00
568.92000 	1.05E+00
573.66000 	1.07E+00
578.44000 	1.09E+00
583.27000 	1.11E+00
588.13000 	1.14E+00
593.03000 	1.16E+00
597.98000 	1.18E+00
602.96000 	1.20E+00
607.99000 	1.23E+00
613.06000 	1.25E+00
618.17000 	1.27E+00
623.32000 	1.30E+00
628.52000 	1.32E+00
633.76000 	1.34E+00
639.04000 	1.37E+00
644.37000 	1.39E+00
649.74000 	1.42E+00
655.16000 	1.45E+00
660.62000 	1.47E+00
666.13000 	1.50E+00
671.68000 	1.53E+00
677.28000 	1.56E+00
682.93000 	1.59E+00
688.62000 	1.62E+00
694.36000 	1.66E+00
700.15000 	1.69E+00
705.99000 	1.73E+00
711.87000 	1.78E+00
717.81000 	1.82E+00
723.79000 	1.87E+00
729.83000 	1.93E+00
735.91000 	1.99E+00
742.05000 	2.05E+00
748.23000 	2.12E+00
754.47000 	2.19E+00
760.76000 	2.27E+00
767.10000 	2.35E+00
773.50000 	2.42E+00
779.95000 	2.50E+00
786.45000 	2.57E+00
793.00000 	2.63E+00
799.62000 	2.67E+00
806.28000 	2.70E+00
813.00000 	2.72E+00
819.78000 	2.71E+00
826.62000 	2.69E+00
833.51000 	2.65E+00
840.46000 	2.60E+00
847.46000 	2.54E+00
854.53000 	2.47E+00
861.65000 	2.39E+00
868.84000 	2.32E+00
876.08000 	2.24E+00
883.38000 	2.17E+00
890.75000 	2.10E+00
898.17000 	2.03E+00
905.66000 	1.97E+00
913.21000 	1.91E+00
920.83000 	1.85E+00
928.50000 	1.80E+00
936.24000 	1.75E+00
944.05000 	1.71E+00
951.92000 	1.66E+00
959.86000 	1.63E+00
967.86000 	1.59E+00
975.93000 	1.56E+00
984.06000 	1.53E+00
992.27000 	1.50E+00
1000.50000 	1.48E+00
1008.90000 	1.45E+00
1017.30000 	1.43E+00
1025.80000 	1.41E+00
1034.30000 	1.39E+00
1042.90000 	1.38E+00
1051.60000 	1.36E+00
1060.40000 	1.35E+00
1069.30000 	1.34E+00
1078.20000 	1.33E+00
1087.20000 	1.32E+00
1096.20000 	1.31E+00
1105.40000 	1.30E+00
1114.60000 	1.29E+00
1123.90000 	1.29E+00
1133.20000 	1.28E+00
1142.70000 	1.28E+00
1152.20000 	1.28E+00
1161.80000 	1.27E+00
1171.50000 	1.27E+00
1181.30000 	1.27E+00
1191.10000 	1.27E+00
1201.00000 	1.27E+00
1211.10000 	1.27E+00
1221.20000 	1.27E+00
1231.30000 	1.27E+00
1241.60000 	1.28E+00
1252.00000 	1.28E+00
1262.40000 	1.28E+00
1272.90000 	1.29E+00
1283.50000 	1.29E+00
1294.20000 	1.30E+00
1305.00000 	1.30E+00
1315.90000 	1.31E+00
1326.90000 	1.32E+00
1337.90000 	1.33E+00
1349.10000 	1.33E+00
1360.30000 	1.34E+00
1371.70000 	1.35E+00
1383.10000 	1.36E+00
1394.60000 	1.37E+00
1406.30000 	1.38E+00
1418.00000 	1.39E+00
1429.80000 	1.40E+00
1441.70000 	1.41E+00
1453.70000 	1.43E+00
1465.90000 	1.44E+00
1478.10000 	1.45E+00
1490.40000 	1.47E+00
1502.80000 	1.48E+00
1515.40000 	1.49E+00
1528.00000 	1.51E+00
1540.70000 	1.52E+00
1553.60000 	1.54E+00
1566.50000 	1.56E+00
1579.60000 	1.57E+00
1592.80000 	1.59E+00
1606.00000 	1.61E+00
1619.40000 	1.62E+00
1632.90000 	1.64E+00
1646.50000 	1.66E+00
1660.30000 	1.68E+00
1674.10000 	1.70E+00
1688.10000 	1.72E+00
1702.10000 	1.74E+00
1716.30000 	1.76E+00
1730.60000 	1.78E+00
1745.10000 	1.80E+00
1759.60000 	1.83E+00
1774.30000 	1.85E+00
1789.10000 	1.87E+00
1804.00000 	1.90E+00
1819.00000 	1.92E+00
1834.20000 	1.94E+00
1849.50000 	1.97E+00
1864.90000 	1.99E+00
1880.50000 	2.02E+00
1896.10000 	2.05E+00
1911.90000 	2.07E+00
1927.90000 	2.10E+00
1944.00000 	2.13E+00
1960.20000 	2.16E+00
1976.50000 	2.19E+00
1993.00000 	2.21E+00
2009.60000 	2.24E+00
2026.40000 	2.27E+00
2043.30000 	2.31E+00
2060.30000 	2.34E+00
2077.50000 	2.37E+00
2094.80000 	2.40E+00
2112.20000 	2.43E+00
2129.90000 	2.47E+00
2147.60000 	2.50E+00
2165.50000 	2.53E+00
2183.60000 	2.57E+00
2201.80000 	2.60E+00
2220.10000 	2.64E+00
2238.60000 	2.68E+00
2257.30000 	2.71E+00
2276.10000 	2.75E+00
2295.10000 	2.79E+00
2314.20000 	2.83E+00
2333.50000 	2.87E+00
2353.00000 	2.91E+00
2372.60000 	2.95E+00
2392.40000 	2.99E+00
2412.30000 	3.03E+00
2432.40000 	3.07E+00
2452.70000 	3.12E+00
2473.20000 	3.16E+00
2493.80000 	3.20E+00
2514.60000 	3.25E+00
2535.50000 	3.29E+00
2556.70000 	3.34E+00
2578.00000 	3.38E+00
2599.50000 	3.43E+00
2621.10000 	3.48E+00
2643.00000 	3.53E+00
2665.00000 	3.58E+00
2687.30000 	3.63E+00
2709.70000 	3.68E+00
2732.20000 	3.73E+00
2755.00000 	3.78E+00
2778.00000 	3.83E+00
2801.20000 	3.88E+00
2824.50000 	3.94E+00
2848.10000 	3.99E+00
2871.80000 	4.05E+00
2895.70000 	4.10E+00
2919.90000 	4.16E+00
2944.20000 	4.22E+00
2968.80000 	4.27E+00
2993.50000 	4.33E+00
3018.50000 	4.39E+00
3043.60000 	4.45E+00
3069.00000 	4.51E+00
3094.60000 	4.57E+00
3120.40000 	4.64E+00
3146.40000 	4.70E+00
3172.60000 	4.76E+00
3199.10000 	4.83E+00
3225.80000 	4.89E+00
3252.70000 	4.96E+00
3279.80000 	5.02E+00
3307.10000 	5.09E+00
3334.70000 	5.16E+00
3362.50000 	5.23E+00
3390.50000 	5.30E+00
3418.80000 	5.37E+00
3447.30000 	5.44E+00
3476.00000 	5.51E+00
3505.00000 	5.58E+00
3534.20000 	5.66E+00
3563.70000 	5.73E+00
3593.40000 	5.80E+00
3623.40000 	5.88E+00
3653.60000 	5.96E+00
3684.00000 	6.03E+00
3714.70000 	6.11E+00
3745.70000 	6.19E+00
3776.90000 	6.27E+00
3808.40000 	6.35E+00
3840.20000 	6.43E+00
3872.20000 	6.51E+00
3904.50000 	6.60E+00
3937.00000 	6.68E+00
3969.90000 	6.76E+00
4003.00000 	6.85E+00
4036.30000 	6.94E+00
4070.00000 	7.02E+00
4103.90000 	7.11E+00
4138.10000 	7.20E+00
4172.60000 	7.29E+00
4207.40000 	7.38E+00
4242.50000 	7.47E+00
4277.90000 	7.56E+00
4313.50000 	7.65E+00
4349.50000 	7.75E+00
4385.70000 	7.84E+00
4422.30000 	7.94E+00
4459.20000 	8.03E+00
4496.30000 	8.13E+00
4533.80000 	8.23E+00
4571.60000 	8.32E+00
4609.70000 	8.42E+00
4648.20000 	8.52E+00
4686.90000 	8.62E+00
4726.00000 	8.73E+00
4765.40000 	8.83E+00
4805.10000 	8.93E+00
4845.20000 	9.04E+00
4885.60000 	9.14E+00
4926.30000 	9.25E+00
4967.40000 	9.35E+00
5008.80000 	9.46E+00
5050.60000 	9.57E+00
5092.70000 	9.68E+00
5135.10000 	9.79E+00
5177.90000 	9.90E+00
5221.10000 	1.00E+01
5264.60000 	1.01E+01
5308.50000 	1.02E+01
5352.80000 	1.04E+01
5397.40000 	1.05E+01
5442.40000 	1.06E+01
5487.80000 	1.07E+01
5533.50000 	1.08E+01
5579.70000 	1.09E+01
5626.20000 	1.11E+01
5673.10000 	1.12E+01
5720.40000 	1.13E+01
5768.10000 	1.14E+01
5816.10000 	1.15E+01
5864.60000 	1.17E+01
5913.50000 	1.18E+01
5962.80000 	1.19E+01
6012.50000 	1.20E+01
6062.70000 	1.22E+01
6113.20000 	1.23E+01
6164.20000 	1.24E+01
6215.60000 	1.26E+01
6267.40000 	1.27E+01
6319.60000 	1.28E+01
6372.30000 	1.30E+01
6425.40000 	1.31E+01
6479.00000 	1.32E+01
6533.00000 	1.34E+01
6587.50000 	1.35E+01
6642.40000 	1.36E+01
6697.80000 	1.38E+01
6753.60000 	1.39E+01
6809.90000 	1.41E+01
6866.70000 	1.42E+01
6924.00000 	1.44E+01
6981.70000 	1.45E+01
7039.90000 	1.47E+01
7098.60000 	1.48E+01
7157.80000 	1.50E+01
7217.40000 	1.51E+01
7277.60000 	1.53E+01
7338.30000 	1.54E+01
7399.50000 	1.56E+01
7461.10000 	1.57E+01
7523.30000 	1.59E+01
7586.10000 	1.60E+01
7649.30000 	1.62E+01
7713.10000 	1.64E+01
7777.40000 	1.65E+01
7842.20000 	1.67E+01
7907.60000 	1.68E+01
7973.50000 	1.70E+01
8040.00000 	1.72E+01
8107.00000 	1.73E+01
8174.60000 	1.75E+01
8242.80000 	1.77E+01
8311.50000 	1.79E+01
8380.80000 	1.80E+01
8450.70000 	1.82E+01
8521.10000 	1.84E+01
8592.10000 	1.86E+01
8663.80000 	1.88E+01
8736.00000 	1.90E+01
8808.80000 	1.91E+01
8882.30000 	1.93E+01
8956.30000 	1.95E+01
9031.00000 	1.97E+01
9106.30000 	1.99E+01
9182.20000 	2.01E+01
9258.80000 	2.03E+01
9335.90000 	2.05E+01
9413.80000 	2.07E+01
9492.30000 	2.09E+01
9571.40000 	2.11E+01
9651.20000 	2.13E+01
9731.70000 	2.15E+01
9812.80000 	2.18E+01
9894.60000 	2.20E+01
9977.10000 	2.22E+01
10060.00000 	2.24E+01
10144.00000 	2.26E+01
10229.00000 	2.29E+01
10314.00000 	2.31E+01
10400.00000 	2.33E+01
10487.00000 	2.36E+01
10574.00000 	2.38E+01
10662.00000 	2.41E+01
10751.00000 	2.43E+01
10841.00000 	2.46E+01
10931.00000 	2.48E+01
11022.00000 	2.51E+01
11114.00000 	2.53E+01
11207.00000 	2.56E+01
11300.00000 	2.58E+01
11394.00000 	2.61E+01
11489.00000 	2.64E+01
11585.00000 	2.66E+01
11682.00000 	2.69E+01
11779.00000 	2.72E+01
11877.00000 	2.75E+01
11976.00000 	2.78E+01
12076.00000 	2.81E+01
12177.00000 	2.84E+01
12279.00000 	2.87E+01
12381.00000 	2.90E+01
12484.00000 	2.93E+01
12588.00000 	2.96E+01
12693.00000 	2.99E+01
12799.00000 	3.02E+01
12906.00000 	3.05E+01
13013.00000 	3.09E+01
13122.00000 	3.12E+01
13231.00000 	3.15E+01
13341.00000 	3.19E+01
13453.00000 	3.22E+01
13565.00000 	3.26E+01
13678.00000 	3.29E+01
13792.00000 	3.33E+01
13907.00000 	3.36E+01
14023.00000 	3.40E+01
14140.00000 	3.44E+01
14258.00000 	3.47E+01
14376.00000 	3.51E+01
14496.00000 	3.55E+01
14617.00000 	3.59E+01
14739.00000 	3.63E+01
14862.00000 	3.67E+01
14986.00000 	3.71E+01
15111.00000 	3.75E+01
15237.00000 	3.79E+01
15364.00000 	3.83E+01
15492.00000 	3.87E+01
15621.00000 	3.92E+01
15751.00000 	3.96E+01
15883.00000 	4.00E+01
16015.00000 	4.05E+01
16149.00000 	4.09E+01
16283.00000 	4.14E+01
16419.00000 	4.19E+01
16556.00000 	4.23E+01
16694.00000 	4.28E+01
16833.00000 	4.33E+01
16973.00000 	4.38E+01
17115.00000 	4.42E+01
17257.00000 	4.47E+01
17401.00000 	4.52E+01
17546.00000 	4.57E+01
17693.00000 	4.63E+01
17840.00000 	4.68E+01
17989.00000 	4.73E+01
18139.00000 	4.78E+01
18290.00000 	4.84E+01
18443.00000 	4.89E+01
18596.00000 	4.94E+01
18751.00000 	5.00E+01
18908.00000 	5.06E+01
19065.00000 	5.11E+01
19224.00000 	5.17E+01
19385.00000 	5.23E+01
19546.00000 	5.29E+01
19709.00000 	5.34E+01
19873.00000 	5.40E+01
20039.00000 	5.46E+01
20206.00000 	5.52E+01
20375.00000 	5.59E+01
20545.00000 	5.65E+01
20716.00000 	5.71E+01
20889.00000 	5.77E+01
21063.00000 	5.84E+01
21238.00000 	5.90E+01
21415.00000 	5.97E+01
21594.00000 	6.03E+01
21774.00000 	6.10E+01
21955.00000 	6.16E+01
22138.00000 	6.23E+01
22323.00000 	6.30E+01
22509.00000 	6.37E+01
22697.00000 	6.44E+01
22886.00000 	6.51E+01
23077.00000 	6.58E+01
23269.00000 	6.65E+01
23463.00000 	6.72E+01
23659.00000 	6.79E+01
23856.00000 	6.87E+01
24055.00000 	6.94E+01
24255.00000 	7.01E+01
24458.00000 	7.09E+01
24662.00000 	7.17E+01
24867.00000 	7.24E+01
25075.00000 	7.32E+01
25284.00000 	7.40E+01
25494.00000 	7.47E+01
25707.00000 	7.55E+01
