61.9920 	0.009454 
62.5090 	0.009799 
63.0300 	0.010161 
63.5560 	0.010541 
64.0850 	0.010941 
64.6200 	0.011362 
65.1580 	0.011806 
65.7020 	0.012273 
66.2490 	0.012768 
66.8020 	0.013292 
67.3590 	0.013847 
67.9200 	0.014436 
68.4860 	0.015064 
69.0570 	0.015734 
69.6330 	0.016450 
70.2140 	0.017218 
70.7990 	0.018045 
71.3890 	0.018937 
71.9840 	0.019903 
72.5850 	0.020955 
73.1900 	0.022104 
73.8000 	0.023368 
74.4150 	0.024766 
75.0350 	0.026325 
75.6610 	0.028076 
76.2920 	0.030065 
76.9280 	0.032350 
77.5690 	0.035016 
78.2160 	0.038183 
78.8680 	0.042032 
79.5250 	0.046852 
80.1880 	0.053126 
80.8570 	0.061727 
81.5310 	0.074328 
82.2110 	0.094043 
82.8960 	0.124410 
83.5870 	0.162830 
84.2840 	0.201740 
84.9870 	0.237760 
85.6950 	0.270690 
86.4100 	0.301050 
87.1300 	0.329340 
87.8570 	0.355980 
88.5890 	0.381260 
89.3280 	0.405410 
90.0720 	0.428620 
90.8230 	0.451030 
91.5800 	0.472750 
92.3440 	0.493880 
93.1140 	0.514480 
93.8900 	0.534630 
94.6730 	0.554370 
95.4620 	0.573760 
96.2580 	0.592820 
97.0600 	0.611600 
97.8700 	0.630130 
98.6860 	0.648430 
99.5080 	0.666530 
100.3400 	0.684440 
101.1700 	0.702180 
102.0200 	0.719780 
102.8700 	0.737250 
103.7300 	0.754590 
104.5900 	0.771830 
105.4600 	0.788970 
106.3400 	0.806030 
107.2300 	0.823010 
108.1200 	0.839930 
109.0200 	0.856790 
109.9300 	0.873600 
110.8500 	0.890370 
111.7700 	0.907100 
112.7100 	0.923810 
113.6400 	0.940490 
114.5900 	0.957150 
115.5500 	0.973800 
116.5100 	0.990450 
117.4800 	1.007100 
118.4600 	1.023700 
119.4500 	1.040400 
120.4500 	1.057100 
121.4500 	1.073700 
122.4600 	1.090400 
123.4800 	1.107200 
124.5100 	1.123900 
125.5500 	1.140700 
126.6000 	1.157500 
127.6500 	1.174400 
128.7200 	1.191200 
129.7900 	1.208200 
130.8700 	1.225200 
131.9600 	1.242200 
133.0600 	1.259300 
134.1700 	1.276400 
135.2900 	1.293600 
136.4200 	1.310800 
137.5600 	1.328100 
138.7000 	1.345500 
139.8600 	1.362900 
141.0300 	1.380400 
142.2000 	1.398000 
143.3900 	1.415600 
144.5800 	1.433300 
145.7900 	1.451100 
147.0000 	1.469000 
148.2300 	1.486900 
149.4600 	1.505000 
150.7100 	1.523100 
151.9700 	1.541300 
153.2300 	1.559600 
154.5100 	1.578000 
155.8000 	1.596400 
157.1000 	1.615000 
158.4100 	1.633700 
159.7300 	1.652400 
161.0600 	1.671300 
162.4000 	1.690200 
163.7600 	1.709300 
165.1200 	1.728500 
166.5000 	1.747800 
167.8900 	1.767100 
169.2900 	1.786600 
170.7000 	1.806200 
172.1200 	1.826000 
173.5600 	1.845800 
175.0000 	1.865700 
176.4600 	1.885800 
177.9300 	1.906000 
179.4200 	1.926300 
180.9100 	1.946700 
182.4200 	1.967300 
183.9400 	1.988000 
185.4700 	2.008800 
187.0200 	2.029700 
188.5800 	2.050800 
190.1500 	2.072000 
191.7400 	2.093300 
193.3400 	2.114800 
194.9500 	2.136400 
196.5700 	2.158200 
198.2100 	2.180100 
199.8600 	2.202100 
201.5300 	2.224300 
203.2100 	2.246600 
204.9000 	2.269100 
206.6100 	2.291700 
208.3400 	2.314400 
210.0700 	2.337300 
211.8200 	2.360400 
213.5900 	2.383600 
215.3700 	2.407000 
217.1700 	2.430500 
218.9800 	2.454200 
220.8000 	2.478100 
222.6400 	2.502100 
224.5000 	2.526200 
226.3700 	2.550600 
228.2600 	2.575100 
230.1600 	2.599700 
232.0800 	2.624600 
234.0100 	2.649600 
235.9700 	2.674700 
237.9300 	2.700100 
239.9200 	2.725600 
241.9200 	2.751300 
243.9300 	2.777100 
245.9700 	2.803200 
248.0200 	2.829400 
250.0900 	2.855800 
252.1700 	2.882400 
254.2700 	2.909200 
256.3900 	2.936100 
258.5300 	2.963200 
260.6900 	2.990600 
262.8600 	3.018100 
265.0500 	3.045800 
267.2600 	3.073700 
269.4900 	3.101800 
271.7300 	3.130000 
274.0000 	3.158500 
276.2800 	3.187200 
278.5900 	3.216100 
280.9100 	3.245200 
283.2500 	3.274400 
285.6100 	3.303900 
287.9900 	3.333600 
290.4000 	3.363500 
292.8200 	3.393700 
295.2600 	3.424000 
297.7200 	3.454500 
300.2000 	3.485300 
302.7000 	3.516300 
305.2300 	3.547500 
307.7700 	3.579000 
310.3400 	3.610600 
312.9300 	3.642500 
315.5300 	3.674700 
318.1700 	3.707000 
320.8200 	3.739700 
323.4900 	3.772500 
326.1900 	3.805600 
328.9100 	3.839000 
331.6500 	3.872600 
334.4200 	3.906500 
337.2000 	3.940600 
340.0100 	3.975000 
342.8500 	4.009700 
345.7100 	4.044600 
348.5900 	4.079800 
351.5000 	4.115300 
354.4300 	4.151100 
357.3800 	4.187100 
360.3600 	4.223500 
363.3600 	4.260100 
366.3900 	4.297100 
369.4500 	4.334300 
372.5300 	4.371800 
375.6300 	4.409700 
378.7700 	4.447800 
381.9200 	4.486300 
385.1100 	4.525000 
388.3200 	4.564100 
391.5600 	4.603500 
394.8200 	4.643200 
398.1100 	4.683200 
401.4300 	4.723600 
404.7800 	4.764300 
408.1500 	4.805200 
411.5600 	4.846500 
414.9900 	4.888200 
418.4500 	4.930100 
421.9300 	4.972400 
425.4500 	5.015000 
429.0000 	5.057800 
432.5800 	5.101100 
436.1800 	5.144600 
439.8200 	5.188400 
443.4900 	5.232500 
447.1800 	5.276900 
450.9100 	5.321600 
454.6700 	5.366600 
458.4600 	5.411900 
462.2800 	5.457400 
466.1400 	5.503300 
470.0200 	5.549300 
473.9400 	5.595700 
477.8900 	5.642300 
481.8800 	5.689100 
485.8900 	5.736100 
489.9400 	5.783400 
494.0300 	5.830900 
498.1500 	5.878500 
502.3000 	5.926400 
506.4900 	5.974400 
510.7100 	6.022600 
514.9700 	6.070900 
519.2600 	6.119400 
523.5900 	6.168000 
527.9600 	6.216700 
532.3600 	6.265500 
536.8000 	6.314400 
541.2700 	6.363400 
545.7800 	6.412500 
550.3300 	6.461700 
554.9200 	6.510900 
559.5500 	6.560100 
564.2100 	6.609400 
568.9200 	6.658700 
573.6600 	6.708100 
578.4400 	6.757600 
583.2700 	6.807100 
588.1300 	6.856600 
593.0300 	6.906300 
597.9800 	6.956000 
602.9600 	7.005800 
607.9900 	7.055800 
613.0600 	7.106000 
618.1700 	7.156300 
623.3200 	7.206900 
628.5200 	7.257800 
633.7600 	7.308900 
639.0400 	7.360500 
644.3700 	7.412400 
649.7400 	7.464900 
655.1600 	7.517800 
660.6200 	7.571300 
666.1300 	7.625400 
671.6800 	7.680100 
677.2800 	7.735400 
682.9300 	7.791300 
688.6200 	7.847700 
694.3600 	7.904600 
700.1500 	7.961800 
705.9900 	8.019100 
711.8700 	8.076100 
717.8100 	8.132400 
723.7900 	8.187500 
729.8300 	8.240500 
735.9100 	8.290500 
742.0500 	8.336500 
748.2300 	8.376900 
754.4700 	8.410400 
760.7600 	8.435200 
767.1000 	8.449700 
773.5000 	8.452400 
779.9500 	8.442400 
786.4500 	8.419400 
793.0000 	8.384100 
799.6200 	8.338200 
806.2800 	8.284700 
813.0000 	8.227100 
819.7800 	8.169700 
826.6200 	8.116500 
833.5100 	8.071000 
840.4600 	8.036200 
847.4600 	8.013700 
854.5300 	8.004500 
861.6500 	8.008600 
868.8400 	8.025300 
876.0800 	8.053800 
883.3800 	8.092900 
890.7500 	8.141200 
898.1700 	8.197400 
905.6600 	8.260500 
913.2100 	8.329400 
920.8300 	8.403200 
928.5000 	8.481100 
936.2400 	8.562400 
944.0500 	8.646600 
951.9200 	8.733300 
959.8600 	8.822100 
967.8600 	8.912700 
975.9300 	9.004800 
984.0600 	9.098300 
992.2700 	9.193000 
1000.5000 	9.288700 
1008.9000 	9.385500 
1017.3000 	9.483100 
1025.8000 	9.581500 
1034.3000 	9.680700 
1042.9000 	9.780600 
1051.6000 	9.881300 
1060.4000 	9.982600 
1069.3000 	10.085000 
1078.2000 	10.187000 
1087.2000 	10.290000 
1096.2000 	10.394000 
1105.4000 	10.499000 
1114.6000 	10.604000 
1123.9000 	10.709000 
1133.2000 	10.816000 
1142.7000 	10.923000 
1152.2000 	11.030000 
1161.8000 	11.138000 
1171.5000 	11.247000 
1181.3000 	11.356000 
1191.1000 	11.467000 
1201.0000 	11.577000 
1211.1000 	11.689000 
1221.2000 	11.801000 
1231.3000 	11.913000 
1241.6000 	12.027000 
1252.0000 	12.141000 
1262.4000 	12.255000 
1272.9000 	12.371000 
1283.5000 	12.487000 
1294.2000 	12.604000 
1305.0000 	12.721000 
1315.9000 	12.839000 
1326.9000 	12.958000 
1337.9000 	13.078000 
1349.1000 	13.199000 
1360.3000 	13.320000 
1371.7000 	13.442000 
1383.1000 	13.565000 
1394.6000 	13.688000 
1406.3000 	13.812000 
1418.0000 	13.937000 
1429.8000 	14.063000 
1441.7000 	14.190000 
1453.7000 	14.318000 
1465.9000 	14.446000 
1478.1000 	14.575000 
1490.4000 	14.705000 
1502.8000 	14.836000 
1515.4000 	14.968000 
1528.0000 	15.100000 
1540.7000 	15.234000 
1553.6000 	15.368000 
1566.5000 	15.503000 
1579.6000 	15.639000 
1592.8000 	15.776000 
1606.0000 	15.914000 
1619.4000 	16.053000 
1632.9000 	16.192000 
1646.5000 	16.333000 
1660.3000 	16.475000 
1674.1000 	16.617000 
1688.1000 	16.760000 
1702.1000 	16.905000 
1716.3000 	17.050000 
1730.6000 	17.196000 
1745.1000 	17.344000 
1759.6000 	17.492000 
1774.3000 	17.641000 
1789.1000 	17.792000 
1804.0000 	17.943000 
1819.0000 	18.095000 
1834.2000 	18.248000 
1849.5000 	18.403000 
1864.9000 	18.558000 
1880.5000 	18.714000 
1896.1000 	18.872000 
1911.9000 	19.030000 
1927.9000 	19.190000 
1944.0000 	19.351000 
1960.2000 	19.512000 
1976.5000 	19.675000 
1993.0000 	19.839000 
2009.6000 	20.004000 
2026.4000 	20.170000 
2043.3000 	20.337000 
2060.3000 	20.505000 
2077.5000 	20.675000 
2094.8000 	20.845000 
2112.2000 	21.017000 
2129.9000 	21.190000 
2147.6000 	21.364000 
2165.5000 	21.539000 
2183.6000 	21.715000 
2201.8000 	21.892000 
2220.1000 	22.071000 
2238.6000 	22.251000 
2257.3000 	22.432000 
2276.1000 	22.614000 
2295.1000 	22.797000 
2314.2000 	22.982000 
2333.5000 	23.167000 
2353.0000 	23.354000 
2372.6000 	23.542000 
2392.4000 	23.732000 
2412.3000 	23.922000 
2432.4000 	24.114000 
2452.7000 	24.308000 
2473.2000 	24.502000 
2493.8000 	24.698000 
2514.6000 	24.894000 
2535.5000 	25.093000 
2556.7000 	25.292000 
2578.0000 	25.493000 
2599.5000 	25.695000 
2621.1000 	25.898000 
2643.0000 	26.103000 
2665.0000 	26.309000 
2687.3000 	26.516000 
2709.7000 	26.725000 
2732.2000 	26.934000 
2755.0000 	27.146000 
2778.0000 	27.358000 
2801.2000 	27.572000 
2824.5000 	27.787000 
2848.1000 	28.004000 
2871.8000 	28.222000 
2895.7000 	28.441000 
2919.9000 	28.662000 
2944.2000 	28.884000 
2968.8000 	29.108000 
2993.5000 	29.332000 
3018.5000 	29.559000 
3043.6000 	29.786000 
3069.0000 	30.015000 
3094.6000 	30.246000 
3120.4000 	30.478000 
3146.4000 	30.711000 
3172.6000 	30.946000 
3199.1000 	31.182000 
3225.8000 	31.420000 
3252.7000 	31.659000 
3279.8000 	31.899000 
3307.1000 	32.142000 
3334.7000 	32.385000 
3362.5000 	32.630000 
3390.5000 	32.876000 
3418.8000 	33.124000 
3447.3000 	33.374000 
3476.0000 	33.625000 
3505.0000 	33.877000 
3534.2000 	34.131000 
3563.7000 	34.387000 
3593.4000 	34.644000 
3623.4000 	34.903000 
3653.6000 	35.163000 
3684.0000 	35.425000 
3714.7000 	35.688000 
3745.7000 	35.953000 
3776.9000 	36.219000 
3808.4000 	36.487000 
3840.2000 	36.757000 
3872.2000 	37.028000 
3904.5000 	37.301000 
3937.0000 	37.575000 
3969.9000 	37.852000 
4003.0000 	38.129000 
4036.3000 	38.409000 
4070.0000 	38.690000 
4103.9000 	38.973000 
4138.1000 	39.257000 
4172.6000 	39.543000 
4207.4000 	39.831000 
4242.5000 	40.121000 
4277.9000 	40.412000 
4313.5000 	40.705000 
4349.5000 	41.000000 
4385.7000 	41.296000 
4422.3000 	41.595000 
4459.2000 	41.895000 
4496.3000 	42.196000 
4533.8000 	42.500000 
4571.6000 	42.806000 
4609.7000 	43.113000 
4648.2000 	43.422000 
4686.9000 	43.733000 
4726.0000 	44.046000 
4765.4000 	44.361000 
4805.1000 	44.678000 
4845.2000 	44.996000 
4885.6000 	45.317000 
4926.3000 	45.640000 
4967.4000 	45.964000 
5008.8000 	46.291000 
5050.6000 	46.619000 
5092.7000 	46.950000 
5135.1000 	47.282000 
5177.9000 	47.617000 
5221.1000 	47.954000 
5264.6000 	48.292000 
5308.5000 	48.633000 
5352.8000 	48.976000 
5397.4000 	49.321000 
5442.4000 	49.669000 
5487.8000 	50.018000 
5533.5000 	50.370000 
5579.7000 	50.724000 
5626.2000 	51.080000 
5673.1000 	51.439000 
5720.4000 	51.800000 
5768.1000 	52.163000 
5816.1000 	52.528000 
5864.6000 	52.896000 
5913.5000 	53.266000 
5962.8000 	53.639000 
6012.5000 	54.014000 
6062.7000 	54.392000 
6113.2000 	54.772000 
6164.2000 	55.154000 
6215.6000 	55.540000 
6267.4000 	55.927000 
6319.6000 	56.317000 
6372.3000 	56.710000 
6425.4000 	57.106000 
6479.0000 	57.504000 
6533.0000 	57.905000 
6587.5000 	58.309000 
6642.4000 	58.715000 
6697.8000 	59.124000 
6753.6000 	59.536000 
6809.9000 	59.951000 
6866.7000 	60.369000 
6924.0000 	60.789000 
6981.7000 	61.213000 
7039.9000 	61.639000 
7098.6000 	62.069000 
7157.8000 	62.501000 
7217.4000 	62.937000 
7277.6000 	63.375000 
7338.3000 	63.817000 
7399.5000 	64.262000 
7461.1000 	64.710000 
7523.3000 	65.161000 
7586.1000 	65.615000 
7649.3000 	66.073000 
7713.1000 	66.534000 
7777.4000 	66.998000 
7842.2000 	67.465000 
7907.6000 	67.936000 
7973.5000 	68.411000 
8040.0000 	68.889000 
8107.0000 	69.370000 
8174.6000 	69.854000 
8242.8000 	70.343000 
8311.5000 	70.834000 
8380.8000 	71.330000 
8450.7000 	71.829000 
8521.1000 	72.331000 
8592.1000 	72.837000 
8663.8000 	73.347000 
8736.0000 	73.861000 
8808.8000 	74.378000 
8882.3000 	74.899000 
8956.3000 	75.424000 
9031.0000 	75.953000 
9106.3000 	76.485000 
9182.2000 	77.022000 
9258.8000 	77.562000 
9335.9000 	78.106000 
9413.8000 	78.654000 
9492.3000 	79.206000 
9571.4000 	79.762000 
9651.2000 	80.322000 
9731.7000 	80.886000 
9812.8000 	81.454000 
9894.6000 	82.026000 
9977.1000 	82.602000 
10060.0000 	83.182000 
10144.0000 	83.766000 
10229.0000 	84.355000 
10314.0000 	84.947000 
10400.0000 	85.544000 
10487.0000 	86.145000 
10574.0000 	86.750000 
10662.0000 	87.359000 
10751.0000 	87.973000 
10841.0000 	88.590000 
10931.0000 	89.212000 
11022.0000 	89.838000 
11114.0000 	90.468000 
11207.0000 	91.103000 
11300.0000 	91.741000 
11394.0000 	92.384000 
11489.0000 	93.032000 
11585.0000 	93.683000 
11682.0000 	94.339000 
11779.0000 	94.999000 
11877.0000 	95.663000 
11976.0000 	96.332000 
12076.0000 	97.005000 
12177.0000 	97.682000 
12279.0000 	98.363000 
12381.0000 	99.049000 
12484.0000 	99.739000 
12588.0000 	100.430000 
12693.0000 	101.130000 
12799.0000 	101.830000 
12906.0000 	102.540000 
13013.0000 	103.250000 
13122.0000 	103.970000 
13231.0000 	104.690000 
13341.0000 	105.410000 
13453.0000 	106.140000 
13565.0000 	106.870000 
13678.0000 	107.610000 
13792.0000 	108.350000 
13907.0000 	109.090000 
14023.0000 	109.840000 
14140.0000 	110.590000 
14258.0000 	111.350000 
14376.0000 	112.110000 
14496.0000 	112.870000 
14617.0000 	113.640000 
14739.0000 	114.410000 
14862.0000 	115.190000 
14986.0000 	115.970000 
15111.0000 	116.760000 
15237.0000 	117.540000 
15364.0000 	118.340000 
15492.0000 	119.130000 
15621.0000 	119.930000 
15751.0000 	120.730000 
15883.0000 	121.540000 
16015.0000 	122.350000 
16149.0000 	123.170000 
16283.0000 	123.990000 
16419.0000 	124.810000 
16556.0000 	125.630000 
16694.0000 	126.460000 
16833.0000 	127.290000 
16973.0000 	128.130000 
17115.0000 	128.970000 
17257.0000 	129.810000 
17401.0000 	130.660000 
17546.0000 	131.510000 
17693.0000 	132.360000 
17840.0000 	133.220000 
17989.0000 	134.070000 
18139.0000 	134.940000 
18290.0000 	135.800000 
18443.0000 	136.670000 
18596.0000 	137.540000 
18751.0000 	138.420000 
18908.0000 	139.290000 
19065.0000 	140.180000 
19224.0000 	141.060000 
19385.0000 	141.950000 
19546.0000 	142.830000 
19709.0000 	143.730000 
19873.0000 	144.620000 
20039.0000 	145.520000 
20206.0000 	146.420000 
20375.0000 	147.320000 
20545.0000 	148.230000 
20716.0000 	149.130000 
20889.0000 	150.040000 
21063.0000 	150.960000 
21238.0000 	151.870000 
21415.0000 	152.790000 
21594.0000 	153.710000 
21774.0000 	154.630000 
21955.0000 	155.550000 
22138.0000 	156.480000 
22323.0000 	157.410000 
22509.0000 	158.340000 
22697.0000 	159.270000 
22886.0000 	160.210000 
23077.0000 	161.140000 
23269.0000 	162.080000 
23463.0000 	163.020000 
23659.0000 	163.970000 
23856.0000 	164.910000 
24055.0000 	165.860000 
24255.0000 	166.800000 
24458.0000 	167.750000 
24662.0000 	168.700000 
24867.0000 	169.660000 
25075.0000 	170.610000 
25284.0000 	171.570000 
25494.0000 	172.520000 
25707.0000 	173.480000 