211.4	2.58024
212.98	2.56799
214.56	2.55612
216.14	2.54462
217.72	2.53348
219.3	2.52268
220.89	2.51221
222.47	2.50205
224.05	2.4922
225.63	2.48264
227.21	2.47336
228.8	2.46435
230.38	2.4556
231.96	2.4471
233.54	2.43884
235.13	2.43082
236.71	2.42302
238.29	2.41543
239.87	2.40806
241.46	2.40088
243.04	2.3939
244.62	2.38711
246.21	2.3805
247.79	2.37407
249.37	2.3678
250.96	2.36169
252.54	2.35575
254.12	2.34995
255.71	2.34431
257.29	2.3388
258.87	2.33344
260.46	2.32821
262.04	2.3231
263.63	2.31813
265.21	2.31327
266.8	2.30853
268.38	2.30391
269.96	2.29939
271.55	2.29498
273.13	2.29068
274.72	2.28647
276.3	2.28237
277.89	2.27835
279.47	2.27443
281.06	2.2706
282.64	2.26686
284.23	2.26319
285.81	2.25961
287.4	2.25611
288.98	2.25269
290.57	2.24934
292.15	2.24606
293.74	2.24285
295.33	2.23971
296.91	2.23664
298.5	2.23363
300.08	2.23069
301.67	2.2278
303.25	2.22498
304.84	2.22221
306.43	2.2195
308.01	2.21685
309.6	2.21425
311.19	2.2117
312.77	2.2092
314.36	2.20675
315.95	2.20435
317.53	2.20199
319.12	2.19968
320.7	2.19742
322.29	2.1952
323.88	2.19302
325.47	2.19088
327.05	2.18878
328.64	2.18672
330.23	2.1847
331.81	2.18272
333.4	2.18077
334.99	2.17886
336.58	2.17699
338.16	2.17515
339.75	2.17334
341.34	2.17156
342.92	2.16981
344.51	2.1681
346.1	2.16641
347.69	2.16476
349.28	2.16313
350.86	2.16153
352.45	2.15996
354.04	2.15842
355.63	2.1569
357.21	2.15541
358.8	2.15394
360.39	2.1525
361.98	2.15108
363.57	2.14968
365.15	2.14831
366.74	2.14696
368.33	2.14563
369.92	2.14432
371.51	2.14304
373.1	2.14177
374.68	2.14052
376.27	2.1393
377.86	2.13809
379.45	2.1369
381.04	2.13574
382.63	2.13458
384.22	2.13345
385.81	2.13234
387.39	2.13124
388.98	2.13015
390.57	2.12909
392.16	2.12804
393.75	2.127
395.34	2.12598
396.93	2.12498
398.52	2.12399
400.11	2.12302
401.69	2.12206
403.28	2.12111
404.87	2.12018
406.46	2.11926
408.05	2.11835
409.64	2.11746
411.23	2.11658
412.82	2.11571
414.41	2.11485
416	2.11401
417.59	2.11318
419.18	2.11236
420.77	2.11155
422.35	2.11075
423.94	2.10996
425.53	2.10918
427.12	2.10842
428.71	2.10766
430.3	2.10692
431.89	2.10618
433.48	2.10545
435.07	2.10474
436.66	2.10403
438.25	2.10333
439.84	2.10264
441.43	2.10196
443.02	2.10129
444.61	2.10063
446.2	2.09998
447.79	2.09933
449.38	2.09869
450.97	2.09806
452.56	2.09744
454.15	2.09683
455.74	2.09622
457.33	2.09562
458.92	2.09503
460.51	2.09445
462.1	2.09387
463.69	2.0933
465.28	2.09274
466.87	2.09219
468.46	2.09164
470.05	2.09109
471.64	2.09056
473.23	2.09003
474.82	2.0895
476.41	2.08899
478	2.08848
479.59	2.08797
481.18	2.08747
482.77	2.08698
484.36	2.08649
485.95	2.08601
487.54	2.08553
489.13	2.08506
490.72	2.0846
492.31	2.08414
493.9	2.08368
495.49	2.08323
497.08	2.08279
498.67	2.08235
500.26	2.08191
501.85	2.08148
503.44	2.08106
505.03	2.08064
506.62	2.08022
508.21	2.07981
509.8	2.0794
511.39	2.079
512.98	2.0786
514.57	2.07821
516.16	2.07782
517.75	2.07743
519.34	2.07705
520.93	2.07667
522.52	2.0763
524.11	2.07593
525.69	2.07557
527.28	2.0752
528.87	2.07485
530.46	2.07449
532.05	2.07414
533.64	2.07379
535.23	2.07345
536.82	2.07311
538.41	2.07277
540	2.07244
541.59	2.07211
543.18	2.07179
544.77	2.07146
546.36	2.07114
547.95	2.07083
549.54	2.07051
551.13	2.0702
552.72	2.0699
554.31	2.06959
555.9	2.06929
557.49	2.06899
559.08	2.0687
560.67	2.0684
562.26	2.06812
563.85	2.06783
565.44	2.06754
567.03	2.06726
568.61	2.06698
570.2	2.06671
571.79	2.06643
573.38	2.06616
574.97	2.0659
576.56	2.06563
578.15	2.06537
579.74	2.06511
581.33	2.06485
582.92	2.06459
584.51	2.06434
586.1	2.06409
587.68	2.06384
589.27	2.06359
590.86	2.06335
592.45	2.06311
594.04	2.06287
595.63	2.06263
597.22	2.06239
598.81	2.06216
600.39	2.06193
601.98	2.0617
603.57	2.06147
605.16	2.06125
606.75	2.06102
608.34	2.0608
609.93	2.06058
611.51	2.06037
613.1	2.06015
614.69	2.05994
616.28	2.05972
617.87	2.05951
619.46	2.05931
621.04	2.0591
622.63	2.0589
624.22	2.05869
625.81	2.05849
627.4	2.05829
628.98	2.0581
630.57	2.0579
632.16	2.05771
633.75	2.05751
635.33	2.05732
636.92	2.05713
638.51	2.05694
640.1	2.05676
641.68	2.05657
643.27	2.05639
644.86	2.05621
646.45	2.05603
648.03	2.05585
649.62	2.05567
651.21	2.0555
652.8	2.05532
654.38	2.05515
655.97	2.05498
657.56	2.05481
659.14	2.05464
660.73	2.05447
662.32	2.05431
663.9	2.05414
665.49	2.05398
667.08	2.05382
668.66	2.05365
670.25	2.05349
671.84	2.05334
673.42	2.05318
675.01	2.05302
676.59	2.05287
678.18	2.05272
679.77	2.05256
681.35	2.05241
682.94	2.05226
684.52	2.05211
686.11	2.05197
687.7	2.05182
689.28	2.05167
690.87	2.05153
692.45	2.05139
694.04	2.05124
695.62	2.0511
697.21	2.05096
698.79	2.05082
700.38	2.05069
701.96	2.05055
703.55	2.05041
705.13	2.05028
706.72	2.05015
708.3	2.05001
709.89	2.04988
711.47	2.04975
713.06	2.04962
714.64	2.04949
716.23	2.04936
717.81	2.04924
719.4	2.04911
720.98	2.04899
722.56	2.04886
724.15	2.04874
725.73	2.04862
727.32	2.04849
728.9	2.04837
730.48	2.04825
732.07	2.04813
733.65	2.04802
735.23	2.0479
736.82	2.04778
738.4	2.04767
739.98	2.04755
741.57	2.04744
743.15	2.04732
744.73	2.04721
746.31	2.0471
747.9	2.04699
749.48	2.04688
751.06	2.04677
752.64	2.04666
754.23	2.04655
755.81	2.04645
757.39	2.04634
758.97	2.04623
760.56	2.04613
762.14	2.04603
763.72	2.04592
765.3	2.04582
766.88	2.04572
768.46	2.04562
770.04	2.04551
771.63	2.04541
773.21	2.04532
774.79	2.04522
776.37	2.04512
777.95	2.04502
779.53	2.04492
781.11	2.04483
782.69	2.04473
784.27	2.04464
785.85	2.04454
787.43	2.04445
789.01	2.04436
790.59	2.04426
792.17	2.04417
793.75	2.04408
795.33	2.04399
796.91	2.0439
798.49	2.04381
800.07	2.04372
801.65	2.04363
803.23	2.04355
804.81	2.04346
806.39	2.04337
807.97	2.04329
809.55	2.0432
811.13	2.04312
812.7	2.04303
814.28	2.04295
815.86	2.04287
817.44	2.04278
819.02	2.0427
820.59	2.04262
822.17	2.04254
823.75	2.04246
825.33	2.04238
826.91	2.0423
828.48	2.04222
830.06	2.04214
831.64	2.04206
833.21	2.04198
834.79	2.04191
836.37	2.04183
837.94	2.04175
839.52	2.04168
841.1	2.0416
842.67	2.04153
844.25	2.04145
845.83	2.04138
847.4	2.0413
848.98	2.04123
850.55	2.04116
852.13	2.04108
853.7	2.04101
855.28	2.04094
856.86	2.04087
858.43	2.0408
860.01	2.04073
861.58	2.04066
863.15	2.04059
864.73	2.04052
866.3	2.04045
867.88	2.04039
869.45	2.04032
871.03	2.04025
872.6	2.04018
874.17	2.04012
875.75	2.04005
877.32	2.03998
878.89	2.03992
880.47	2.03985
882.04	2.03979
883.61	2.03973
885.19	2.03966
886.76	2.0396
888.33	2.03954
889.9	2.03947
891.48	2.03941
893.05	2.03935
894.62	2.03929
896.19	2.03922
897.76	2.03916
899.34	2.0391
900.91	2.03904
902.48	2.03898
904.05	2.03892
905.62	2.03886
907.19	2.03881
908.76	2.03875
910.33	2.03869
911.9	2.03863
913.47	2.03857
915.04	2.03851
916.61	2.03846
918.18	2.0384
919.75	2.03834
921.32	2.03829
922.89	2.03823
924.46	2.03818
926.03	2.03812
927.6	2.03807
929.17	2.03801
930.74	2.03796
932.3	2.0379
933.87	2.03785
935.44	2.0378
937.01	2.03774
938.58	2.03769
940.14	2.03764
941.71	2.03759
943.28	2.03753
944.85	2.03748
946.41	2.03743
947.98	2.03738
949.55	2.03733
951.11	2.03728
952.68	2.03723
954.25	2.03718
955.81	2.03713
957.38	2.03708
958.94	2.03703
960.51	2.03698
962.07	2.03693
963.64	2.03688
965.2	2.03684
966.77	2.03679
968.33	2.03674
969.9	2.03669
971.46	2.03665
973.03	2.0366
974.59	2.03655
976.16	2.03651
977.72	2.03646
979.28	2.03641
980.85	2.03637
982.41	2.03632
983.97	2.03628
985.54	2.03623
987.1	2.03619
988.66	2.03614
990.22	2.0361
991.79	2.03605
993.35	2.03601
994.91	2.03597
996.47	2.03592
998.03	2.03588
999.59	2.03584
1010.61	2.03554
1014	2.03545
1017.4	2.03536
1020.8	2.03527
1024.19	2.03518
1027.59	2.0351
1030.99	2.03501
1034.39	2.03493
1037.78	2.03484
1041.18	2.03476
1044.58	2.03468
1047.98	2.0346
1051.38	2.03452
1054.79	2.03444
1058.19	2.03436
1061.59	2.03428
1064.99	2.03421
1068.39	2.03413
1071.8	2.03405
1075.2	2.03398
1078.6	2.03391
1082.01	2.03383
1085.41	2.03376
1088.82	2.03369
1092.23	2.03362
1095.63	2.03355
1099.04	2.03348
1102.45	2.03341
1105.85	2.03334
1109.26	2.03327
1112.67	2.0332
1116.08	2.03314
1119.49	2.03307
1122.9	2.033
1126.31	2.03294
1129.72	2.03288
1133.13	2.03281
1136.54	2.03275
1139.96	2.03269
1143.37	2.03263
1146.78	2.03256
1150.2	2.0325
1153.61	2.03244
1157.02	2.03238
1160.44	2.03232
1163.85	2.03227
1167.27	2.03221
1170.69	2.03215
1174.1	2.03209
1177.52	2.03204
1180.94	2.03198
1184.36	2.03193
1187.77	2.03187
1191.19	2.03182
1194.61	2.03176
1198.03	2.03171
1201.45	2.03165
1204.87	2.0316
1208.29	2.03155
1211.72	2.0315
1215.14	2.03145
1218.56	2.0314
1221.98	2.03135
1225.41	2.0313
1228.83	2.03125
1232.25	2.0312
1235.68	2.03115
1239.1	2.0311
1242.53	2.03105
1245.96	2.031
1249.38	2.03096
1252.81	2.03091
1256.24	2.03086
1259.66	2.03082
1263.09	2.03077
1266.52	2.03073
1269.95	2.03068
1273.38	2.03064
1276.81	2.03059
1280.24	2.03055
1283.67	2.03051
1287.1	2.03046
1290.54	2.03042
1293.97	2.03038
1297.4	2.03034
1300.83	2.0303
1304.27	2.03025
1307.7	2.03021
1311.14	2.03017
1314.57	2.03013
1318.01	2.03009
1321.44	2.03005
1324.88	2.03001
1328.32	2.02997
1331.75	2.02994
1335.19	2.0299
1338.63	2.02986
1342.07	2.02982
1345.51	2.02978
1348.95	2.02975
1352.39	2.02971
1355.83	2.02967
1359.27	2.02964
1362.71	2.0296
1366.15	2.02956
1369.59	2.02953
1373.03	2.02949
1376.48	2.02946
1379.92	2.02942
1383.36	2.02939
1386.81	2.02936
1390.25	2.02932
1393.7	2.02929
1397.14	2.02925
1400.59	2.02922
1404.04	2.02919
1407.48	2.02915
1410.93	2.02912
1414.38	2.02909
1417.83	2.02906
1421.28	2.02903
1424.72	2.02899
1428.17	2.02896
1431.62	2.02893
1435.08	2.0289
1438.53	2.02887
1441.98	2.02884
1445.43	2.02881
1448.88	2.02878
1452.33	2.02875
1455.79	2.02872
1459.24	2.02869
1462.7	2.02866
1466.15	2.02863
1469.6	2.0286
1473.06	2.02858
1476.52	2.02855
1479.97	2.02852
1483.43	2.02849
1486.89	2.02846
1490.34	2.02844
1493.8	2.02841
1497.26	2.02838
1500.72	2.02835
1504.18	2.02833
1507.64	2.0283
1511.1	2.02827
1514.56	2.02825
1518.02	2.02822
1521.48	2.0282
1524.94	2.02817
1528.41	2.02815
1531.87	2.02812
1535.33	2.0281
1538.38	2.02807
1538.46	2.02942
1539.41	2.02941
1540.36	2.0294
1541.31	2.02939
1542.26	2.02938
1543.21	2.02937
1544.16	2.02936
1545.12	2.02935
1546.07	2.02934
1547.03	2.02933
1547.99	2.02932
1548.95	2.02931
1549.91	2.0293
1550.87	2.02929
1551.83	2.02928
1552.8	2.02927
1553.76	2.02926
1554.73	2.02925
1555.69	2.02924
1556.66	2.02923
1557.63	2.02922
1558.6	2.02921
1559.58	2.0292
1560.55	2.02919
1561.52	2.02918
1562.5	2.02917
1563.48	2.02916
1564.46	2.02915
1565.44	2.02914
1566.42	2.02913
1567.4	2.02912
1568.38	2.02911
1569.37	2.0291
1570.35	2.02909
1571.34	2.02908
1572.33	2.02907
1573.32	2.02906
1574.31	2.02905
1575.3	2.02904
1576.29	2.02903
1577.29	2.02902
1578.28	2.02901
1579.28	2.029
1580.28	2.02899
1581.28	2.02898
1582.28	2.02897
1583.28	2.02896
1584.28	2.02895
1585.29	2.02894
1586.29	2.02893
1587.3	2.02892
1588.31	2.0289
1589.32	2.02889
1590.33	2.02888
1591.34	2.02887
1592.36	2.02886
1593.37	2.02885
1594.39	2.02884
1595.41	2.02883
1596.42	2.02882
1597.44	2.02881
1598.47	2.0288
1599.49	2.02879
1600.51	2.02878
1601.54	2.02876
1602.56	2.02875
1603.59	2.02874
1604.62	2.02873
1605.65	2.02872
1606.68	2.02871
1607.72	2.0287
1608.75	2.02869
1609.79	2.02868
1610.82	2.02867
1611.86	2.02865
1612.9	2.02864
1613.94	2.02863
1614.99	2.02862
1616.03	2.02861
1617.08	2.0286
1618.12	2.02859
1619.17	2.02858
1620.22	2.02857
1621.27	2.02855
1622.32	2.02854
1623.38	2.02853
1624.43	2.02852
1625.49	2.02851
1626.55	2.0285
1627.6	2.02849
1628.66	2.02847
1629.73	2.02846
1630.79	2.02845
1631.85	2.02844
1632.92	2.02843
1633.99	2.02842
1635.06	2.02841
1636.13	2.02839
1637.2	2.02838
1638.27	2.02837
1639.34	2.02836
1640.42	2.02835
1641.5	2.02833
1642.58	2.02832
1643.66	2.02831
1644.74	2.0283
1645.82	2.02829
1646.9	2.02828
1647.99	2.02826
1649.08	2.02825
1650.17	2.02824
1651.25	2.02823
1652.35	2.02822
1653.44	2.0282
1654.53	2.02819
1655.63	2.02818
1656.73	2.02817
1657.82	2.02816
1658.93	2.02814
1660.03	2.02813
1661.13	2.02812
1662.23	2.02811
1663.34	2.0281
1664.45	2.02808
1665.56	2.02807
1666.67	2.02806
1667.78	2.02805
1668.89	2.02803
1670.01	2.02802
1671.12	2.02801
1672.24	2.028
1673.36	2.02798
1674.48	2.02797
1675.6	2.02796
1676.73	2.02795
1677.85	2.02793
1678.98	2.02792
1680.11	2.02791
1681.24	2.0279
1682.37	2.02788
1683.5	2.02787
1684.64	2.02786
1685.77	2.02785
1686.91	2.02783
1688.05	2.02782
1689.19	2.02781
1690.33	2.02779
1691.47	2.02778
1692.62	2.02777
1693.77	2.02776
1694.92	2.02774
1696.07	2.02773
1697.22	2.02772
1698.37	2.0277
1699.52	2.02769
1700.68	2.02768
1701.84	2.02766
1703	2.02765
1704.16	2.02764
1705.32	2.02762
1706.48	2.02761
1707.65	2.0276
1708.82	2.02759
1709.99	2.02757
1711.16	2.02756
1712.33	2.02755
1713.5	2.02753
1714.68	2.02752
1715.85	2.0275
1717.03	2.02749
1718.21	2.02748
1719.39	2.02746
1720.58	2.02745
1721.76	2.02744
1722.95	2.02742
1724.14	2.02741
1725.33	2.0274
1726.52	2.02738
1727.71	2.02737
1728.91	2.02736
1730.1	2.02734
1731.3	2.02733
1732.5	2.02731
1733.7	2.0273
1734.91	2.02729
1736.11	2.02727
1737.32	2.02726
1738.53	2.02724
1739.74	2.02723
1740.95	2.02722
1742.16	2.0272
1743.38	2.02719
1744.59	2.02717
1745.81	2.02716
1747.03	2.02715
1748.25	2.02713
1749.48	2.02712
1750.7	2.0271
1751.93	2.02709
1753.16	2.02707
1754.39	2.02706
1755.62	2.02705
1756.85	2.02703
1758.09	2.02702
1759.32	2.027
1760.56	2.02699
1761.8	2.02697
1763.05	2.02696
1764.29	2.02694
1765.54	2.02693
1766.78	2.02691
1768.03	2.0269
1769.29	2.02688
1770.54	2.02687
1771.79	2.02685
1773.05	2.02684
1774.31	2.02682
1775.57	2.02681
1776.83	2.0268
1778.09	2.02678
1779.36	2.02677
1780.63	2.02675
1781.9	2.02673
1783.17	2.02672
1784.44	2.0267
1785.71	2.02669
1786.99	2.02667
1788.27	2.02666
1789.55	2.02664
1790.83	2.02663
1792.11	2.02661
1793.4	2.0266
1794.69	2.02658
1795.98	2.02657
1797.27	2.02655
1798.56	2.02654
1799.86	2.02652
1801.15	2.0265
1802.45	2.02649
1803.75	2.02647
1805.05	2.02646
1806.36	2.02644
1807.66	2.02643
1808.97	2.02641
1810.28	2.02639
1811.59	2.02638
1812.91	2.02636
1814.22	2.02635
1815.54	2.02633
1816.86	2.02631
1818.18	2.0263
1819.51	2.02628
1820.83	2.02627
1822.16	2.02625
1823.49	2.02623
1824.82	2.02622
1826.15	2.0262
1827.49	2.02619
1828.82	2.02617
1830.16	2.02615
1831.5	2.02614
1832.84	2.02612
1834.19	2.0261
1835.54	2.02609
1836.88	2.02607
1838.24	2.02605
1839.59	2.02604
1840.94	2.02602
1842.3	2.026
1843.66	2.02599
1845.02	2.02597
1846.38	2.02595
1847.75	2.02594
1849.11	2.02592
1850.48	2.0259
1851.85	2.02589
1853.22	2.02587
1854.6	2.02585
1855.98	2.02583
1857.36	2.02582
1858.74	2.0258
1860.12	2.02578
1861.5	2.02577
1862.89	2.02575
1864.28	2.02573
1865.67	2.02571
1867.06	2.0257
1868.46	2.02568
1869.86	2.02566
1871.26	2.02564
1872.66	2.02563
1874.06	2.02561
1875.47	2.02559
1876.88	2.02557
1878.29	2.02556
1879.7	2.02554
1881.11	2.02552
1882.53	2.0255
1883.95	2.02548
1885.37	2.02547
1886.79	2.02545
1888.22	2.02543
1889.64	2.02541
1891.07	2.02539
1892.51	2.02538
1893.94	2.02536
1895.38	2.02534
1896.81	2.02532
1898.25	2.0253
1899.7	2.02528
1901.14	2.02527
1902.59	2.02525
1904.04	2.02523
1905.49	2.02521
1906.94	2.02519
1908.4	2.02517
1909.85	2.02515
1911.31	2.02514
1912.78	2.02512
1914.24	2.0251
1915.71	2.02508
1917.18	2.02506
1918.65	2.02504
1920.12	2.02502
1921.6	2.025
1923.08	2.02498
1924.56	2.02497
1926.04	2.02495
1927.53	2.02493
1929.01	2.02491
1930.5	2.02489
1931.99	2.02487
1933.49	2.02485
1934.98	2.02483
1936.48	2.02481
1937.98	2.02479
1939.49	2.02477
1940.99	2.02475
1942.5	2.02473
1944.01	2.02471
1945.53	2.02469
1947.04	2.02467
1948.56	2.02465
1950.08	2.02463
1951.6	2.02461
1953.13	2.02459
1954.65	2.02457
1956.18	2.02455
1957.71	2.02453
1959.25	2.02451
1960.78	2.02449
1962.32	2.02447
1963.86	2.02445
1965.41	2.02443
1966.96	2.02441
1968.5	2.02439
1970.06	2.02437
1971.61	2.02435
1973.16	2.02433
1974.72	2.02431
1976.28	2.02429
1977.85	2.02427
1979.41	2.02425
1980.98	2.02422
1982.55	2.0242
1984.13	2.02418
1985.7	2.02416
1987.28	2.02414
1988.86	2.02412
1990.45	2.0241
1992.03	2.02408
1993.62	2.02406
1995.21	2.02403
1996.81	2.02401
1998.4	2.02399
2000	2.02397
2001.6	2.02395
2003.21	2.02393
2004.81	2.0239
2006.42	2.02388
2008.03	2.02386
2009.65	2.02384
2011.26	2.02382
2012.88	2.0238
2014.5	2.02377
2016.13	2.02375
2017.76	2.02373
2019.39	2.02371
2021.02	2.02368
2022.65	2.02366
2024.29	2.02364
2025.93	2.02362
2027.58	2.0236
2029.22	2.02357
2030.87	2.02355
2032.52	2.02353
2034.17	2.02351
2035.83	2.02348
2037.49	2.02346
2039.15	2.02344
2040.82	2.02341
2042.48	2.02339
2044.15	2.02337
2045.83	2.02334
2047.5	2.02332
2049.18	2.0233
2050.86	2.02328
2052.55	2.02325
2054.23	2.02323
2055.92	2.0232
2057.61	2.02318
2059.31	2.02316
2061.01	2.02313
2062.71	2.02311
2064.41	2.02309
2066.12	2.02306
2067.82	2.02304
2069.54	2.02302
2071.25	2.02299
2072.97	2.02297
2074.69	2.02294
2076.41	2.02292
2078.14	2.02289
2079.87	2.02287
2081.6	2.02285
2083.33	2.02282
2085.07	2.0228
2086.81	2.02277
2088.55	2.02275
2090.3	2.02272
2092.05	2.0227
2093.8	2.02267
2095.56	2.02265
2097.32	2.02262
2099.08	2.0226
2100.84	2.02257
2102.61	2.02255
2104.38	2.02252
2106.15	2.0225
2107.93	2.02247
2109.7	2.02245
2111.49	2.02242
2113.27	2.0224
2115.06	2.02237
2116.85	2.02235
2118.64	2.02232
2120.44	2.02229
2122.24	2.02227
2124.04	2.02224
2125.85	2.02222
2127.66	2.02219
2129.47	2.02216
2131.29	2.02214
2133.11	2.02211
2134.93	2.02209
2136.75	2.02206
2138.58	2.02203
2140.41	2.02201
2142.25	2.02198
2144.08	2.02195
2145.92	2.02193
2147.77	2.0219
2149.61	2.02187
2151.46	2.02184
2153.32	2.02182
2155.17	2.02179
2157.03	2.02176
2158.89	2.02174
2160.76	2.02171
2162.63	2.02168
2164.5	2.02165
2166.38	2.02163
2168.26	2.0216
2170.14	2.02157
2172.02	2.02154
2173.91	2.02152
2175.81	2.02149
2177.7	2.02146
2179.6	2.02143
2181.5	2.0214
2183.41	2.02138
2185.31	2.02135
2187.23	2.02132
2189.14	2.02129
2191.06	2.02126
2192.98	2.02123
2194.91	2.0212
2196.84	2.02118
2198.77	2.02115
2200.7	2.02112
2202.64	2.02109
2204.59	2.02106
2206.53	2.02103
2208.48	2.021
2210.43	2.02097
2212.39	2.02094
2214.35	2.02091
2216.31	2.02088
2218.28	2.02085
2220.25	2.02082
2222.22	2.02079
2224.2	2.02076
2226.18	2.02073
2228.16	2.0207
2230.15	2.02067
2232.14	2.02064
2234.14	2.02061
2236.14	2.02058
2238.14	2.02055
2240.14	2.02052
2242.15	2.02049
2244.17	2.02046
2246.18	2.02043
2248.2	2.0204
2250.23	2.02037
2252.25	2.02034
2254.28	2.02031
2256.32	2.02027
2258.36	2.02024
2260.4	2.02021
2262.44	2.02018
2264.49	2.02015
2266.55	2.02012
2268.6	2.02008
2270.66	2.02005
2272.73	2.02002
2274.8	2.01999
2276.87	2.01996
2278.94	2.01992
2281.02	2.01989
2283.11	2.01986
2285.19	2.01983
2287.28	2.01979
2289.38	2.01976
2291.48	2.01973
2293.58	2.0197
2295.68	2.01966
2297.79	2.01963
2299.91	2.0196
2302.03	2.01956
2304.15	2.01953
2306.27	2.0195
2308.4	2.01946
2310.54	2.01943
2312.67	2.0194
2314.81	2.01936
2316.96	2.01933
2319.11	2.01929
2321.26	2.01926
2323.42	2.01923
2325.58	2.01919
2327.75	2.01916
2329.92	2.01912
2332.09	2.01909
2334.27	2.01905
2336.45	2.01902
2338.63	2.01898
2340.82	2.01895
2343.02	2.01891
2345.22	2.01888
2347.42	2.01884
2349.62	2.01881
2351.83	2.01877
2354.05	2.01873
2356.27	2.0187
2358.49	2.01866
2360.72	2.01863
2362.95	2.01859
2365.18	2.01855
2367.42	2.01852
2369.67	2.01848
2371.92	2.01845
2374.17	2.01841
2376.43	2.01837
2378.69	2.01834
2380.95	2.0183
2383.22	2.01826
2385.5	2.01822
2387.77	2.01819
2390.06	2.01815
2392.34	2.01811
2394.64	2.01807
2396.93	2.01804
2399.23	2.018
2401.54	2.01796
2403.85	2.01792
2406.16	2.01788
2408.48	2.01785
2410.8	2.01781
2413.13	2.01777
2415.46	2.01773
2417.79	2.01769
2420.14	2.01765
2422.48	2.01761
2424.83	2.01757
2427.18	2.01754
2429.54	2.0175
2431.91	2.01746
2434.27	2.01742
2436.65	2.01738
2439.02	2.01734
2441.41	2.0173
2443.79	2.01726
2446.18	2.01722
2448.58	2.01718
2450.98	2.01714
2453.39	2.0171
2455.8	2.01705
2458.21	2.01701
2460.63	2.01697
2463.05	2.01693
2465.48	2.01689
2467.92	2.01685
2470.36	2.01681
2472.8	2.01677
2475.25	2.01672
2477.7	2.01668
2480.16	2.01664
2482.62	2.0166
2485.09	2.01656
2487.56	2.01651
2490.04	2.01647
2492.52	2.01643
2495.01	2.01639
2497.5	2.01634
2500	2.0163
2502.5	2.01626
2505.01	2.01621
2507.52	2.01617
2510.04	2.01613
2512.56	2.01608
2515.09	2.01604
2517.62	2.01599
2520.16	2.01595
2522.7	2.01591
2525.25	2.01586
2527.81	2.01582
2530.36	2.01577
2532.93	2.01573
2535.5	2.01568
2538.07	2.01564
2540.65	2.01559
2543.23	2.01555
2545.82	2.0155
2548.42	2.01545
2551.02	2.01541
2553.63	2.01536
2556.24	2.01532
2558.85	2.01527
2561.48	2.01522
2564.1	2.01518
2566.74	2.01513
2569.37	2.01508
2572.02	2.01504
2574.67	2.01499
2577.32	2.01494
2579.98	2.01489
2582.64	2.01485
2585.32	2.0148
2587.99	2.01475
2590.67	2.0147
2593.36	2.01465
2596.05	2.01461
2598.75	2.01456
2601.46	2.01451
2604.17	2.01446
2606.88	2.01441
2609.6	2.01436
2612.33	2.01431
2615.06	2.01426
2617.8	2.01421
2620.55	2.01416
2623.29	2.01411
2626.05	2.01406
2628.81	2.01401
2631.58	2.01396
2634.35	2.01391
2637.13	2.01386
2639.92	2.01381
2642.71	2.01376
2645.5	2.0137
2648.31	2.01365
2651.11	2.0136
2653.93	2.01355
2656.75	2.0135
2659.57	2.01344
2662.41	2.01339
2665.25	2.01334
2668.09	2.01329
2670.94	2.01323
2673.8	2.01318
2676.66	2.01313
2679.53	2.01307
2682.4	2.01302
2685.28	2.01297
2688.17	2.01291
2691.07	2.01286
2693.97	2.0128
2696.87	2.01275
2699.78	2.01269
2702.7	2.01264
2705.63	2.01258
2708.56	2.01253
2711.5	2.01247
2714.44	2.01242
2717.39	2.01236
2720.35	2.0123
2723.31	2.01225
2726.28	2.01219
2729.26	2.01213
2732.24	2.01208
2735.23	2.01202
2738.23	2.01196
2741.23	2.01191
2744.24	2.01185
2747.25	2.01179
2750.28	2.01173
2753.3	2.01167
2756.34	2.01161
2759.38	2.01156
2762.43	2.0115
2765.49	2.01144
2768.55	2.01138
2771.62	2.01132
2774.69	2.01126
2777.78	2.0112
2780.87	2.01114
2783.96	2.01108
2787.07	2.01102
2790.18	2.01096
2793.3	2.0109
2796.42	2.01083
2799.55	2.01077
2802.69	2.01071
2805.84	2.01065
2808.99	2.01059
2812.15	2.01052
2815.32	2.01046
2818.49	2.0104
2821.67	2.01034
2824.86	2.01027
2828.05	2.01021
2831.26	2.01014
2834.47	2.01008
2837.68	2.01002
2840.91	2.00995
2844.14	2.00989
2847.38	2.00982
2850.63	2.00976
2853.88	2.00969
2857.14	2.00963
2860.41	2.00956
2863.69	2.00949
2866.97	2.00943
2870.26	2.00936
2873.56	2.00929
2876.87	2.00923
2880.18	2.00916
2883.51	2.00909
2886.84	2.00902
2890.17	2.00896
2893.52	2.00889
2896.87	2.00882
2900.23	2.00875
2903.6	2.00868
2906.98	2.00861
2910.36	2.00854
2913.75	2.00847
2917.15	2.0084
2920.56	2.00833
2923.98	2.00826
2927.4	2.00819
2930.83	2.00812
2934.27	2.00805
2937.72	2.00798
2941.18	2.0079
2944.64	2.00783
2948.11	2.00776
2951.59	2.00769
2955.08	2.00761
2958.58	2.00754
2962.09	2.00747
2965.6	2.00739
2969.12	2.00732
2972.65	2.00724
2976.19	2.00717
2979.74	2.00709
2983.29	2.00702
2986.86	2.00694
2990.43	2.00687
2994.01	2.00679
2997.6	2.00671
3001.2	2.00664
3004.81	2.00656
3008.42	2.00648
3012.05	2.0064
3015.68	2.00633
3019.32	2.00625
3022.97	2.00617
3026.63	2.00609
3030.3	2.00601
3033.98	2.00593
3037.67	2.00585
3041.36	2.00577
3045.07	2.00569
3048.78	2.00561
3052.5	2.00553
3056.23	2.00545
3059.98	2.00537
3063.73	2.00528
3067.48	2.0052
3071.25	2.00512
3075.03	2.00504
3078.82	2.00495
3082.61	2.00487
3086.42	2.00479
3090.23	2.0047
3094.06	2.00462
3097.89	2.00453
3101.74	2.00445
3105.59	2.00436
3109.45	2.00427
3113.33	2.00419
3117.21	2.0041
3121.1	2.00401
3125	2.00393
3128.91	2.00384
3132.83	2.00375
3136.76	2.00366
3140.7	2.00357
3144.65	2.00348
3148.61	2.00339
3152.59	2.0033
3156.57	2.00321
3160.56	2.00312
3164.56	2.00303
3168.57	2.00294
3172.59	2.00285
3176.62	2.00276
3180.66	2.00266
3184.71	2.00257
3188.78	2.00248
3192.85	2.00238
3196.93	2.00229
3201.02	2.0022
3205.13	2.0021
3209.24	2.00201
3213.37	2.00191
3217.5	2.00181
3221.65	2.00172
3225.81	2.00162
3229.97	2.00152
3234.15	2.00142
3238.34	2.00133
3242.54	2.00123
3246.75	2.00113
3250.98	2.00103
3255.21	2.00093
3259.45	2.00083
3263.71	2.00073
3267.97	2.00063
3272.25	2.00053
3276.54	2.00043
3280.84	2.00032
3285.15	2.00022
3289.47	2.00012
3293.81	2.00001
3298.15	1.99991
3302.51	1.9998
3306.88	1.9997
3311.26	1.99959
3315.65	1.99949
3320.05	1.99938
3324.47	1.99927
3328.89	1.99917
3333.33	1.99906
3337.78	1.99895
3342.25	1.99884
3346.72	1.99873
3351.21	1.99862
3355.7	1.99851
3360.22	1.9984
3364.74	1.99829
3369.27	1.99818
3373.82	1.99807
3378.38	1.99796
3382.95	1.99784
3387.53	1.99773
3392.13	1.99762
3396.74	1.9975
3401.36	1.99739
3405.99	1.99727
3410.64	1.99715
3415.3	1.99704
3419.97	1.99692
3424.66	1.9968
3429.36	1.99668
3434.07	1.99657
3438.79	1.99645
3443.53	1.99633
3448.28	1.99621
3453.04	1.99609
3457.81	1.99596
3462.6	1.99584
3467.41	1.99572
3472.22	1.9956
3477.05	1.99547
3481.89	1.99535
3486.75	1.99522
3491.62	1.9951
3496.5	1.99497
3501.4	1.99485
3506.31	1.99472
3511.24	1.99459
3516.17	1.99446
3521.13	1.99433
3526.09	1.9942
3531.07	1.99407
3536.07	1.99394
3541.08	1.99381
3546.1	1.99368
3551.14	1.99355
3556.19	1.99341
3561.25	1.99328
3566.33	1.99315
3571.43	1.99301
3576.54	1.99288
3581.66	1.99274
3586.8	1.9926
3591.95	1.99246
3597.12	1.99233
3602.31	1.99219
3607.5	1.99205
3612.72	1.99191
3617.95	1.99177
3623.19	1.99162
3628.45	1.99148
3633.72	1.99134
3639.01	1.9912
3644.31	1.99105
3649.64	1.99091
3654.97	1.99076
3660.32	1.99061
3665.69	1.99047
3671.07	1.99032
3676.47	1.99017
3681.89	1.99002
3687.32	1.98987
3692.76	1.98972
3698.22	1.98957
3703.7	1.98942
3709.2	1.98926
3714.71	1.98911
3720.24	1.98896
3725.78	1.9888
3731.34	1.98864
3736.92	1.98849
3742.51	1.98833
3748.13	1.98817
3753.75	1.98801
3759.4	1.98785
3765.06	1.98769
3770.74	1.98753
3776.44	1.98737
3782.15	1.9872
3787.88	1.98704
3793.63	1.98687
3799.39	1.98671
3805.18	1.98654
3810.98	1.98637
3816.79	1.98621
3822.63	1.98604
3828.48	1.98587
3834.36	1.9857
3840.25	1.98552
3846.15	1.98535
3852.08	1.98518
3858.02	1.985
3863.99	1.98483
3869.97	1.98465
3875.97	1.98447
3881.99	1.9843
3888.02	1.98412
3894.08	1.98394
3900.16	1.98376
3906.25	1.98357
3912.36	1.98339
3918.5	1.98321
3924.65	1.98302
3930.82	1.98284
3937.01	1.98265
3943.22	1.98246
3949.45	1.98227
3955.7	1.98208
3961.97	1.98189
3968.25	1.9817
3974.56	1.98151
3980.89	1.98131
3987.24	1.98112
3993.61	1.98092
4000	1.98073
4006.41	1.98053
4012.84	1.98033
4019.29	1.98013
4025.76	1.97993
4032.26	1.97973
4038.77	1.97952
4045.31	1.97932
4051.86	1.97911
4058.44	1.9789
4065.04	1.9787
4071.66	1.97849
4078.3	1.97828
4084.97	1.97806
4091.65	1.97785
4098.36	1.97764
4105.09	1.97742
4111.84	1.97721
4118.62	1.97699
4125.41	1.97677
4132.23	1.97655
4139.07	1.97633
4145.94	1.97611
4152.82	1.97588
4159.73	1.97566
4166.67	1.97543
4173.62	1.9752
4180.6	1.97497
4187.6	1.97474
4194.63	1.97451
4201.68	1.97428
4208.75	1.97405
4215.85	1.97381
4222.97	1.97357
4230.12	1.97333
4237.29	1.9731
4244.48	1.97285
4251.7	1.97261
4258.94	1.97237
4266.21	1.97212
4273.5	1.97188
4280.82	1.97163
4288.16	1.97138
4295.53	1.97113
4302.93	1.97087
4310.34	1.97062
4317.79	1.97036
4325.26	1.97011
4332.76	1.96985
4340.28	1.96959
4347.83	1.96932
4355.4	1.96906
4363	1.9688
4370.63	1.96853
4378.28	1.96826
4385.96	1.96799
4393.67	1.96772
4401.41	1.96745
4409.17	1.96717
4416.96	1.96689
4424.78	1.96662
4432.62	1.96634
4440.5	1.96605
4448.4	1.96577
4456.33	1.96548
4464.29	1.9652
4472.27	1.96491
4480.29	1.96462
4488.33	1.96433
4496.4	1.96403
4504.5	1.96373
4512.64	1.96344
4520.8	1.96314
4528.99	1.96283
4537.21	1.96253
4545.45	1.96222
4553.73	1.96192
4562.04	1.96161
4570.38	1.9613
4578.75	1.96098
4587.16	1.96067
4595.59	1.96035
4604.05	1.96003
4612.55	1.95971
4621.07	1.95938
4629.63	1.95906
4638.22	1.95873
4646.84	1.9584
4655.49	1.95806
4664.18	1.95773
4672.9	1.95739
4681.65	1.95705
4690.43	1.95671
4699.25	1.95637
4708.1	1.95602
4716.98	1.95567
4725.9	1.95532
4734.85	1.95497
4743.83	1.95461
4752.85	1.95425
4761.9	1.95389
4770.99	1.95353
4780.11	1.95316
4789.27	1.9528
4798.46	1.95243
4807.69	1.95205
4816.96	1.95168
4826.25	1.9513
4835.59	1.95092
4844.96	1.95053
4854.37	1.95015
4863.81	1.94976
4873.29	1.94937
4882.81	1.94897
4892.37	1.94858
4901.96	1.94818
4911.59	1.94777
4921.26	1.94737
4930.97	1.94696
4940.71	1.94655
4950.5	1.94613
4960.32	1.94571
4970.18	1.94529
4980.08	1.94487
4990.02	1.94444
5000	1.94401
5010.02	1.94358
5020.08	1.94314
5030.18	1.94271
5040.32	1.94226
5050.51	1.94182
5060.73	1.94137
5070.99	1.94091
5081.3	1.94046
5091.65	1.94
5102.04	1.93954
5112.47	1.93907
5122.95	1.9386
5133.47	1.93813
5144.03	1.93765
5154.64	1.93717
5165.29	1.93669
5175.98	1.9362
5186.72	1.93571
5197.51	1.93521
5208.33	1.93471
5219.21	1.93421
5230.13	1.9337
5241.09	1.93319
5252.1	1.93267
5263.16	1.93215
5274.26	1.93163
5285.41	1.9311
5296.61	1.93057
5307.86	1.93004
5319.15	1.9295
5330.49	1.92895
5341.88	1.9284
5353.32	1.92785
5364.81	1.92729
5376.34	1.92673
5387.93	1.92616
5399.57	1.92559
5411.26	1.92501
5422.99	1.92443
5434.78	1.92385
5446.62	1.92326
5458.52	1.92266
5470.46	1.92206
5482.46	1.92146
5494.51	1.92085
5506.61	1.92023
5518.76	1.91961
5530.97	1.91898
5543.24	1.91835
5555.56	1.91771
5567.93	1.91707
5580.36	1.91642
5592.84	1.91577
5605.38	1.91511
5617.98	1.91445
5630.63	1.91378
5643.34	1.9131
5656.11	1.91242
5668.93	1.91173
5681.82	1.91103
5694.76	1.91033
5707.76	1.90962
5720.82	1.90891
5733.94	1.90819
5747.13	1.90747
5760.37	1.90673
5773.67	1.90599
5787.04	1.90525
5800.46	1.90449
5813.95	1.90373
5827.51	1.90297
5841.12	1.90219
5854.8	1.90141
5868.54	1.90062
5882.35	1.89983
5896.23	1.89902
5910.17	1.89821
5924.17	1.89739
5938.24	1.89656
5952.38	1.89573
5966.59	1.89489
5980.86	1.89404
5995.2	1.89318
6009.62	1.89231
6024.1	1.89143
6038.65	1.89055
6053.27	1.88966
6067.96	1.88876
6082.73	1.88784
6097.56	1.88692
6112.47	1.886
6127.45	1.88506
6142.51	1.88411
6157.64	1.88315
6172.84	1.88218
6188.12	1.88121
6203.47	1.88022
6218.91	1.87922
6234.41	1.87821
6250	1.8772
6265.66	1.87617
6281.41	1.87513
6297.23	1.87408
6313.13	1.87302
6329.11	1.87194
6345.18	1.87086
6361.32	1.86976
6377.55	1.86865
6393.86	1.86753
6410.26	1.8664
6426.74	1.86526
6443.3	1.8641
6459.95	1.86293
6476.68	1.86175
6493.51	1.86055
6510.42	1.85934
6527.42	1.85812
6544.5	1.85688
6561.68	1.85563
6578.95	1.85436
6596.31	1.85308
6613.76	1.85179
6631.3	1.85048
6648.94	1.84915
6666.67	1.84781
6684.49	1.84645
6702.41	1.84508
6720.43	1.84369
6738.54	1.84228
6756.76	1.84086
6775.07	1.83942
6793.48	1.83796
6811.99	1.83649
6830.6	1.83499
6849.32	1.83348
6868.13	1.83195
6887.05	1.8304
6906.08	1.82883
6925.21	1.82724
6944.44	1.82563
6963.79	1.824
6983.24	1.82234
7002.8	1.82067
7022.47	1.81897
7042.25	1.81726
7062.15	1.81552
7082.15	1.81375
7102.27	1.81196
7122.51	1.81015
7142.86	1.80832
7163.32	1.80645
7183.91	1.80457
7204.61	1.80266
7225.43	1.80072
7246.38	1.79875
7267.44	1.79675
7288.63	1.79473
7309.94	1.79268
7331.38	1.7906
7352.94	1.78849
7374.63	1.78634
7396.45	1.78417
7418.4	1.78197
7440.48	1.77973
7462.69	1.77745
7485.03	1.77515
7507.51	1.7728
7530.12	1.77043
7552.87	1.76801
7575.76	1.76556
7598.78	1.76307
7621.95	1.76054
7645.26	1.75797
7668.71	1.75536
7692.31	1.7527
7716.05	1.75
7739.94	1.74726
7763.98	1.74447
7788.16	1.74164
7812.5	1.73876
7836.99	1.73583
7861.64	1.73284
7886.44	1.72981
7911.39	1.72673
7936.51	1.72358
7961.78	1.72039
7987.22	1.71713
8012.82	1.71382
8038.59	1.71045
8064.52	1.70701
8090.61	1.70351
8116.88	1.69995
8143.32	1.69631
8169.93	1.69261
8196.72	1.68884
8223.68	1.68499
8250.83	1.68106
8278.15	1.67706
8305.65	1.67298
8333.33	1.66881
8361.2	1.66455
8389.26	1.66021
8417.51	1.65578
8445.95	1.65125
8474.58	1.64662
8503.4	1.6419
8532.42	1.63706
8561.64	1.63212
8591.07	1.62707
8620.69	1.62191
8650.52	1.61662
8680.56	1.61121
8710.8	1.60567
8741.26	1.59999
8771.93	1.59418
8802.82	1.58823
8833.92	1.58212
8865.25	1.57586
8896.8	1.56944
8928.57	1.56285
8960.57	1.55608
8992.81	1.54913
9025.27	1.54199
9057.97	1.53466
9090.91	1.52712
9124.09	1.51936
9157.51	1.51137
9191.18	1.50315
9225.09	1.49468
9259.26	1.48596
9293.68	1.47696
9328.36	1.46768
9363.3	1.45811
9398.5	1.44822
9433.96	1.438
9469.7	1.42744
9505.7	1.41651
9541.98	1.4052
9578.54	1.39349
9615.38	1.38136
9652.51	1.36879
9689.92	1.35574
9727.63	1.3422
9765.63	1.32814
9803.92	1.31353
9842.52	1.29834
9881.42	1.28254
9920.63	1.2661
9960.16	1.24899
10000	1.23117
10040.16	1.21261
10080.65	1.19329
10121.46	1.17317
10162.6	1.15223
10204.08	1.13045
10245.9	1.10782
10288.07	1.08435
10330.58	1.06005
10373.44	1.03499
10416.67	1.00922
10460.25	0.98287
10504.2	0.95611
10548.52	0.92917
10593.22	0.90236
10638.3	0.87604
10683.76	0.85067
10729.61	0.82671
10775.86	0.80467
10822.51	0.78498
10869.57	0.76798
10917.03	0.75389
10964.91	0.74276
11013.22	0.73454
11061.95	0.72908
11111.11	0.72617
11160.71	0.7256
11210.76	0.72717
11261.26	0.73068
11312.22	0.73599
11363.64	0.74298
11415.53	0.75154
11467.89	0.76158
11520.74	0.77303
11574.07	0.78583
11627.91	0.7999
11682.24	0.81518
11737.09	0.83162
11792.45	0.8492
11848.34	0.8679
11904.76	0.88774
11961.72	0.90879
12019.23	0.93114
12077.29	0.9549
12135.92	0.98023
12195.12	1.00724
12254.9	1.03606
12315.27	1.06677
12376.24	1.09939
12437.81	1.13389
12500	1.17019
12562.81	1.20815
12626.26	1.24761
12690.36	1.28836
12755.1	1.33021
12820.51	1.37296
12886.6	1.41643
12953.37	1.46046
13020.83	1.50496
13089.01	1.54987
13157.89	1.59524
13227.51	1.64118
13297.87	1.68788
13368.98	1.73559
13440.86	1.7846
13513.51	1.83517
13586.96	1.8875
13661.2	1.9417
13736.26	1.99769
13812.15	2.05527
13888.89	2.11403
13966.48	2.17347
14044.94	2.23302
14124.29	2.29211
14204.55	2.35028
14285.71	2.40723
