211.4	1.22E-01
212.98	1.15E-01
214.56	1.08E-01
216.14	1.01E-01
217.72	9.55E-02
219.3	9.00E-02
220.89	8.48E-02
222.47	8.01E-02
224.05	7.56E-02
225.63	7.15E-02
227.21	6.76E-02
228.8	6.40E-02
230.38	6.06E-02
231.96	5.75E-02
233.54	5.45E-02
235.13	5.18E-02
236.71	4.92E-02
238.29	4.67E-02
239.87	4.45E-02
241.46	4.23E-02
243.04	4.03E-02
244.62	3.84E-02
246.21	3.67E-02
247.79	3.50E-02
249.37	3.34E-02
250.96	3.19E-02
252.54	3.05E-02
254.12	2.92E-02
255.71	2.79E-02
257.29	2.67E-02
258.87	2.56E-02
260.46	2.46E-02
262.04	2.36E-02
263.63	2.26E-02
265.21	2.17E-02
266.8	2.08E-02
268.38	2.00E-02
269.96	1.92E-02
271.55	1.85E-02
273.13	1.78E-02
274.72	1.71E-02
276.3	1.65E-02
277.89	1.59E-02
279.47	1.53E-02
281.06	1.48E-02
282.64	1.43E-02
284.23	1.38E-02
285.81	1.33E-02
287.4	1.28E-02
288.98	1.24E-02
290.57	1.20E-02
292.15	1.16E-02
293.74	1.12E-02
295.33	1.09E-02
296.91	1.05E-02
298.5	1.02E-02
300.08	9.85E-03
301.67	9.54E-03
303.25	9.25E-03
304.84	8.96E-03
306.43	8.69E-03
308.01	8.43E-03
309.6	8.19E-03
311.19	7.95E-03
312.77	7.72E-03
314.36	7.49E-03
315.95	7.28E-03
317.53	7.08E-03
319.12	6.88E-03
320.7	6.69E-03
322.29	6.51E-03
323.88	6.33E-03
325.47	6.16E-03
327.05	6.00E-03
328.64	5.84E-03
330.23	5.69E-03
331.81	5.54E-03
333.4	5.40E-03
334.99	5.27E-03
336.58	5.13E-03
338.16	5.01E-03
339.75	4.88E-03
341.34	4.76E-03
342.92	4.65E-03
344.51	4.54E-03
346.1	4.43E-03
347.69	4.33E-03
349.28	4.23E-03
350.86	4.13E-03
352.45	4.03E-03
354.04	3.94E-03
355.63	3.85E-03
357.21	3.77E-03
358.8	3.68E-03
360.39	3.60E-03
361.98	3.53E-03
363.57	3.45E-03
365.15	3.38E-03
366.74	3.30E-03
368.33	3.23E-03
369.92	3.17E-03
371.51	3.10E-03
373.1	3.04E-03
374.68	2.98E-03
376.27	2.92E-03
377.86	2.86E-03
379.45	2.80E-03
381.04	2.75E-03
382.63	2.69E-03
384.22	2.64E-03
385.81	2.59E-03
387.39	2.54E-03
388.98	2.49E-03
390.57	2.45E-03
392.16	2.40E-03
393.75	2.36E-03
395.34	2.32E-03
396.93	2.27E-03
398.52	2.23E-03
400.11	2.19E-03
401.69	2.15E-03
403.28	2.12E-03
404.87	2.08E-03
406.46	2.04E-03
408.05	2.01E-03
409.64	1.97E-03
411.23	1.94E-03
412.82	1.91E-03
414.41	1.88E-03
416	1.85E-03
417.59	1.82E-03
419.18	1.79E-03
420.77	1.76E-03
422.35	1.73E-03
423.94	1.70E-03
425.53	1.68E-03
427.12	1.65E-03
428.71	1.62E-03
430.3	1.60E-03
431.89	1.57E-03
433.48	1.55E-03
435.07	1.53E-03
436.66	1.50E-03
438.25	1.48E-03
439.84	1.46E-03
441.43	1.44E-03
443.02	1.42E-03
444.61	1.40E-03
446.2	1.38E-03
447.79	1.36E-03
449.38	1.34E-03
450.97	1.32E-03
452.56	1.30E-03
454.15	1.28E-03
455.74	1.27E-03
457.33	1.25E-03
458.92	1.23E-03
460.51	1.21E-03
462.1	1.20E-03
463.69	1.18E-03
465.28	1.17E-03
466.87	1.15E-03
468.46	1.14E-03
470.05	1.12E-03
471.64	1.11E-03
473.23	1.09E-03
474.82	1.08E-03
476.41	1.07E-03
478	1.05E-03
479.59	1.04E-03
481.18	1.03E-03
482.77	1.01E-03
484.36	1.00E-03
485.95	9.90E-04
487.54	9.78E-04
489.13	9.66E-04
490.72	9.55E-04
492.31	9.43E-04
493.9	9.32E-04
495.49	9.21E-04
497.08	9.11E-04
498.67	9.00E-04
500.26	8.90E-04
501.85	8.80E-04
503.44	8.70E-04
505.03	8.60E-04
506.62	8.51E-04
508.21	8.41E-04
509.8	8.32E-04
511.39	8.23E-04
512.98	8.14E-04
514.57	8.05E-04
516.16	7.96E-04
517.75	7.88E-04
519.34	7.80E-04
520.93	7.71E-04
522.52	7.63E-04
524.11	7.55E-04
525.69	7.47E-04
527.28	7.40E-04
528.87	7.32E-04
530.46	7.25E-04
532.05	7.17E-04
533.64	7.10E-04
535.23	7.03E-04
536.82	6.96E-04
538.41	6.89E-04
540	6.83E-04
541.59	6.76E-04
543.18	6.69E-04
544.77	6.63E-04
546.36	6.57E-04
547.95	6.50E-04
549.54	6.44E-04
551.13	6.38E-04
552.72	6.32E-04
554.31	6.26E-04
555.9	6.21E-04
557.49	6.15E-04
559.08	6.09E-04
560.67	6.04E-04
562.26	5.98E-04
563.85	5.93E-04
565.44	5.87E-04
567.03	5.82E-04
568.61	5.77E-04
570.2	5.72E-04
571.79	5.67E-04
573.38	5.62E-04
574.97	5.57E-04
576.56	5.52E-04
578.15	5.48E-04
579.74	5.43E-04
581.33	5.38E-04
582.92	5.34E-04
584.51	5.29E-04
586.1	5.25E-04
587.68	5.21E-04
589.27	5.16E-04
590.86	5.12E-04
592.45	5.08E-04
594.04	5.04E-04
595.63	5.00E-04
597.22	4.96E-04
598.81	4.92E-04
600.39	4.88E-04
601.98	4.84E-04
603.57	4.80E-04
605.16	4.77E-04
606.75	4.73E-04
608.34	4.69E-04
609.93	4.65E-04
611.51	4.62E-04
613.1	4.59E-04
614.69	4.55E-04
616.28	4.52E-04
617.87	4.48E-04
619.46	4.45E-04
621.04	4.42E-04
622.63	4.38E-04
624.22	4.35E-04
625.81	4.32E-04
627.4	4.29E-04
628.98	4.26E-04
630.57	4.23E-04
632.16	4.20E-04
633.75	4.17E-04
635.33	4.14E-04
636.92	4.11E-04
638.51	4.08E-04
640.1	4.05E-04
641.68	4.02E-04
643.27	3.99E-04
644.86	3.97E-04
646.45	3.94E-04
648.03	3.91E-04
649.62	3.89E-04
651.21	3.86E-04
652.8	3.84E-04
654.38	3.81E-04
655.97	3.78E-04
657.56	3.76E-04
659.14	3.73E-04
660.73	3.71E-04
662.32	3.69E-04
663.9	3.66E-04
665.49	3.64E-04
667.08	3.61E-04
668.66	3.59E-04
670.25	3.57E-04
671.84	3.55E-04
673.42	3.52E-04
675.01	3.50E-04
676.59	3.48E-04
678.18	3.46E-04
679.77	3.44E-04
681.35	3.42E-04
682.94	3.39E-04
684.52	3.37E-04
686.11	3.35E-04
687.7	3.33E-04
689.28	3.31E-04
690.87	3.29E-04
692.45	3.27E-04
694.04	3.26E-04
695.62	3.24E-04
697.21	3.22E-04
698.79	3.20E-04
700.38	3.18E-04
701.96	3.16E-04
703.55	3.14E-04
705.13	3.12E-04
706.72	3.11E-04
708.3	3.09E-04
709.89	3.07E-04
711.47	3.05E-04
713.06	3.04E-04
714.64	3.02E-04
716.23	3.00E-04
717.81	2.99E-04
719.4	2.97E-04
720.98	2.95E-04
722.56	2.94E-04
724.15	2.92E-04
725.73	2.91E-04
727.32	2.89E-04
728.9	2.87E-04
730.48	2.86E-04
732.07	2.84E-04
733.65	2.83E-04
735.23	2.81E-04
736.82	2.80E-04
738.4	2.79E-04
739.98	2.77E-04
741.57	2.76E-04
743.15	2.74E-04
744.73	2.73E-04
746.31	2.71E-04
747.9	2.70E-04
749.48	2.69E-04
751.06	2.67E-04
752.64	2.66E-04
754.23	2.64E-04
755.81	2.63E-04
757.39	2.62E-04
758.97	2.61E-04
760.56	2.59E-04
762.14	2.58E-04
763.72	2.57E-04
765.3	2.55E-04
766.88	2.54E-04
768.46	2.53E-04
770.04	2.52E-04
771.63	2.51E-04
773.21	2.49E-04
774.79	2.48E-04
776.37	2.47E-04
777.95	2.46E-04
779.53	2.45E-04
781.11	2.44E-04
782.69	2.43E-04
784.27	2.41E-04
785.85	2.40E-04
787.43	2.39E-04
789.01	2.38E-04
790.59	2.37E-04
792.17	2.36E-04
793.75	2.35E-04
795.33	2.34E-04
796.91	2.33E-04
798.49	2.32E-04
800.07	2.31E-04
801.65	2.30E-04
803.23	2.29E-04
804.81	2.28E-04
806.39	2.27E-04
807.97	2.26E-04
809.55	2.25E-04
811.13	2.24E-04
812.7	2.23E-04
814.28	2.22E-04
815.86	2.21E-04
817.44	2.20E-04
819.02	2.19E-04
820.59	2.18E-04
822.17	2.17E-04
823.75	2.16E-04
825.33	2.15E-04
826.91	2.14E-04
828.48	2.14E-04
830.06	2.13E-04
831.64	2.12E-04
833.21	2.11E-04
834.79	2.10E-04
836.37	2.09E-04
837.94	2.08E-04
839.52	2.07E-04
841.1	2.07E-04
842.67	2.06E-04
844.25	2.05E-04
845.83	2.04E-04
847.4	2.03E-04
848.98	2.03E-04
850.55	2.02E-04
852.13	2.01E-04
853.7	2.00E-04
855.28	1.99E-04
856.86	1.99E-04
858.43	1.98E-04
860.01	1.97E-04
861.58	1.96E-04
863.15	1.96E-04
864.73	1.95E-04
866.3	1.94E-04
867.88	1.93E-04
869.45	1.93E-04
871.03	1.92E-04
872.6	1.91E-04
874.17	1.91E-04
875.75	1.90E-04
877.32	1.89E-04
878.89	1.88E-04
880.47	1.88E-04
882.04	1.87E-04
883.61	1.86E-04
885.19	1.86E-04
886.76	1.85E-04
888.33	1.84E-04
889.9	1.84E-04
891.48	1.83E-04
893.05	1.82E-04
894.62	1.82E-04
896.19	1.81E-04
897.76	1.81E-04
899.34	1.80E-04
900.91	1.79E-04
902.48	1.79E-04
904.05	1.78E-04
905.62	1.77E-04
907.19	1.77E-04
908.76	1.76E-04
910.33	1.75E-04
911.9	1.75E-04
913.47	1.74E-04
915.04	1.74E-04
916.61	1.73E-04
918.18	1.73E-04
919.75	1.72E-04
921.32	1.72E-04
922.89	1.71E-04
924.46	1.70E-04
926.03	1.70E-04
927.6	1.69E-04
929.17	1.69E-04
930.74	1.68E-04
932.3	1.68E-04
933.87	1.67E-04
935.44	1.66E-04
937.01	1.66E-04
938.58	1.65E-04
940.14	1.65E-04
941.71	1.64E-04
943.28	1.64E-04
944.85	1.63E-04
946.41	1.63E-04
947.98	1.62E-04
949.55	1.62E-04
951.11	1.61E-04
952.68	1.61E-04
954.25	1.60E-04
955.81	1.60E-04
957.38	1.59E-04
958.94	1.59E-04
960.51	1.58E-04
962.07	1.58E-04
963.64	1.57E-04
965.2	1.57E-04
966.77	1.56E-04
968.33	1.56E-04
969.9	1.55E-04
971.46	1.55E-04
973.03	1.54E-04
974.59	1.54E-04
976.16	1.54E-04
977.72	1.53E-04
979.28	1.53E-04
980.85	1.52E-04
982.41	1.52E-04
983.97	1.52E-04
985.54	1.51E-04
987.1	1.51E-04
988.66	1.50E-04
990.22	1.50E-04
991.79	1.49E-04
993.35	1.49E-04
994.91	1.48E-04
996.47	1.48E-04
998.03	1.48E-04
999.59	1.47E-04
1010.61	1.44E-04
1014	1.43E-04
1017.4	1.42E-04
1020.8	1.42E-04
1024.19	1.41E-04
1027.59	1.40E-04
1030.99	1.39E-04
1034.39	1.39E-04
1037.78	1.38E-04
1041.18	1.37E-04
1044.58	1.36E-04
1047.98	1.35E-04
1051.38	1.35E-04
1054.79	1.34E-04
1058.19	1.33E-04
1061.59	1.32E-04
1064.99	1.32E-04
1068.39	1.31E-04
1071.8	1.30E-04
1075.2	1.30E-04
1078.6	1.29E-04
1082.01	1.28E-04
1085.41	1.27E-04
1088.82	1.27E-04
1092.23	1.26E-04
1095.63	1.26E-04
1099.04	1.25E-04
1102.45	1.24E-04
1105.85	1.24E-04
1109.26	1.23E-04
1112.67	1.23E-04
1116.08	1.22E-04
1119.49	1.21E-04
1122.9	1.21E-04
1126.31	1.20E-04
1129.72	1.20E-04
1133.13	1.19E-04
1136.54	1.18E-04
1139.96	1.18E-04
1143.37	1.17E-04
1146.78	1.17E-04
1150.2	1.16E-04
1153.61	1.16E-04
1157.02	1.15E-04
1160.44	1.14E-04
1163.85	1.14E-04
1167.27	1.13E-04
1170.69	1.13E-04
1174.1	1.13E-04
1177.52	1.12E-04
1180.94	1.12E-04
1184.36	1.11E-04
1187.77	1.11E-04
1191.19	1.10E-04
1194.61	1.10E-04
1198.03	1.09E-04
1201.45	1.09E-04
1204.87	1.08E-04
1208.29	1.08E-04
1211.72	1.07E-04
1215.14	1.07E-04
1218.56	1.06E-04
1221.98	1.06E-04
1225.41	1.06E-04
1228.83	1.05E-04
1232.25	1.05E-04
1235.68	1.04E-04
1239.1	1.04E-04
1242.53	1.03E-04
1245.96	1.03E-04
1249.38	1.03E-04
1252.81	1.02E-04
1256.24	1.02E-04
1259.66	1.01E-04
1263.09	1.01E-04
1266.52	1.01E-04
1269.95	1.00E-04
1273.38	9.97E-05
1276.81	9.95E-05
1280.24	9.90E-05
1283.67	9.87E-05
1287.1	9.82E-05
1290.54	9.80E-05
1293.97	9.75E-05
1297.4	9.73E-05
1300.83	9.70E-05
1304.27	9.65E-05
1307.7	9.63E-05
1311.14	9.58E-05
1314.57	9.55E-05
1318.01	9.50E-05
1321.44	9.48E-05
1324.88	9.46E-05
1328.32	9.41E-05
1331.75	9.38E-05
1335.19	9.36E-05
1338.63	9.31E-05
1342.07	9.28E-05
1345.51	9.26E-05
1348.95	9.23E-05
1352.39	9.18E-05
1355.83	9.16E-05
1359.27	9.14E-05
1362.71	9.11E-05
1366.15	9.06E-05
1369.59	9.04E-05
1373.03	9.01E-05
1376.48	8.99E-05
1379.92	8.94E-05
1383.36	8.91E-05
1386.81	8.89E-05
1390.25	8.86E-05
1393.7	8.84E-05
1397.14	8.82E-05
1400.59	8.79E-05
1404.04	8.74E-05
1407.48	8.72E-05
1410.93	8.69E-05
1414.38	8.67E-05
1417.83	8.64E-05
1421.28	8.62E-05
1424.72	8.59E-05
1428.17	8.57E-05
1431.62	8.54E-05
1435.08	8.52E-05
1438.53	8.49E-05
1441.98	8.47E-05
1445.43	8.45E-05
1448.88	8.42E-05
1452.33	8.40E-05
1455.79	8.37E-05
1459.24	8.35E-05
1462.7	8.32E-05
1466.15	8.30E-05
1469.6	8.27E-05
1473.06	8.25E-05
1476.52	8.22E-05
1479.97	8.20E-05
1483.43	8.17E-05
1486.89	8.15E-05
1490.34	8.13E-05
1493.8	8.10E-05
1497.26	8.08E-05
1500.72	8.05E-05
1504.18	8.03E-05
1507.64	8.00E-05
1511.1	8.00E-05
1514.56	7.98E-05
1518.02	7.95E-05
1521.48	7.93E-05
1524.94	7.90E-05
1528.41	7.88E-05
1531.87	7.85E-05
1535.33	7.83E-05
1538.46	0.00002
1539.41	0.00002
1540.36	0.00002
1541.31	0.00002
1542.26	0.00002
1543.21	0.00002
1544.16	0.00002
1545.12	0.00002
1546.07	0.00002
1547.03	0.00002
1547.99	0.00002
1548.95	0.00002
1549.91	0.00002
1550.87	0.00002
1551.83	0.00002
1552.8	0.00002
1553.76	0.00002
1554.73	0.00002
1555.69	0.00002
1556.66	0.00002
1557.63	0.00002
1558.6	0.00002
1559.58	0.00002
1560.55	0.00003
1561.52	0.00003
1562.5	0.00003
1563.48	0.00003
1564.46	0.00003
1565.44	0.00003
1566.42	0.00003
1567.4	0.00003
1568.38	0.00003
1569.37	0.00003
1570.35	0.00003
1571.34	0.00003
1572.33	0.00003
1573.32	0.00003
1574.31	0.00003
1575.3	0.00003
1576.29	0.00003
1577.29	0.00003
1578.28	0.00003
1579.28	0.00003
1580.28	0.00003
1581.28	0.00003
1582.28	0.00003
1583.28	0.00003
1584.28	0.00003
1585.29	0.00003
1586.29	0.00003
1587.3	0.00003
1588.31	0.00003
1589.32	0.00003
1590.33	0.00003
1591.34	0.00003
1592.36	0.00003
1593.37	0.00003
1594.39	0.00003
1595.41	0.00003
1596.42	0.00003
1597.44	0.00003
1598.47	0.00003
1599.49	0.00003
1600.51	0.00003
1601.54	0.00003
1602.56	0.00003
1603.59	0.00003
1604.62	0.00003
1605.65	0.00003
1606.68	0.00003
1607.72	0.00003
1608.75	0.00003
1609.79	0.00003
1610.82	0.00003
1611.86	0.00003
1612.9	0.00003
1613.94	0.00003
1614.99	0.00003
1616.03	0.00003
1617.08	0.00003
1618.12	0.00003
1619.17	0.00003
1620.22	0.00003
1621.27	0.00003
1622.32	0.00003
1623.38	0.00003
1624.43	0.00003
1625.49	0.00003
1626.55	0.00003
1627.6	0.00003
1628.66	0.00003
1629.73	0.00003
1630.79	0.00003
1631.85	0.00003
1632.92	0.00003
1633.99	0.00003
1635.06	0.00003
1636.13	0.00003
1637.2	0.00003
1638.27	0.00003
1639.34	0.00003
1640.42	0.00003
1641.5	0.00003
1642.58	0.00003
1643.66	0.00003
1644.74	0.00003
1645.82	0.00003
1646.9	0.00003
1647.99	0.00003
1649.08	0.00003
1650.17	0.00003
1651.25	0.00003
1652.35	0.00003
1653.44	0.00003
1654.53	0.00003
1655.63	0.00003
1656.73	0.00003
1657.82	0.00003
1658.93	0.00003
1660.03	0.00003
1661.13	0.00003
1662.23	0.00003
1663.34	0.00003
1664.45	0.00003
1665.56	0.00003
1666.67	0.00003
1667.78	0.00003
1668.89	0.00003
1670.01	0.00003
1671.12	0.00003
1672.24	0.00003
1673.36	0.00003
1674.48	0.00003
1675.6	0.00003
1676.73	0.00003
1677.85	0.00003
1678.98	0.00003
1680.11	0.00003
1681.24	0.00003
1682.37	0.00003
1683.5	0.00003
1684.64	0.00003
1685.77	0.00003
1686.91	0.00003
1688.05	0.00003
1689.19	0.00003
1690.33	0.00003
1691.47	0.00003
1692.62	0.00003
1693.77	0.00003
1694.92	0.00003
1696.07	0.00003
1697.22	0.00003
1698.37	0.00003
1699.52	0.00003
1700.68	0.00003
1701.84	0.00003
1703	0.00003
1704.16	0.00003
1705.32	0.00003
1706.48	0.00003
1707.65	0.00003
1708.82	0.00003
1709.99	0.00003
1711.16	0.00003
1712.33	0.00003
1713.5	0.00003
1714.68	0.00003
1715.85	0.00003
1717.03	0.00003
1718.21	0.00003
1719.39	0.00003
1720.58	0.00003
1721.76	0.00003
1722.95	0.00003
1724.14	0.00003
1725.33	0.00003
1726.52	0.00003
1727.71	0.00003
1728.91	0.00003
1730.1	0.00003
1731.3	0.00003
1732.5	0.00003
1733.7	0.00003
1734.91	0.00003
1736.11	0.00003
1737.32	0.00003
1738.53	0.00003
1739.74	0.00003
1740.95	0.00003
1742.16	0.00004
1743.38	0.00004
1744.59	0.00004
1745.81	0.00004
1747.03	0.00004
1748.25	0.00004
1749.48	0.00004
1750.7	0.00004
1751.93	0.00004
1753.16	0.00004
1754.39	0.00004
1755.62	0.00004
1756.85	0.00004
1758.09	0.00004
1759.32	0.00004
1760.56	0.00004
1761.8	0.00004
1763.05	0.00004
1764.29	0.00004
1765.54	0.00004
1766.78	0.00004
1768.03	0.00004
1769.29	0.00004
1770.54	0.00004
1771.79	0.00004
1773.05	0.00004
1774.31	0.00004
1775.57	0.00004
1776.83	0.00004
1778.09	0.00004
1779.36	0.00004
1780.63	0.00004
1781.9	0.00004
1783.17	0.00004
1784.44	0.00004
1785.71	0.00004
1786.99	0.00004
1788.27	0.00004
1789.55	0.00004
1790.83	0.00004
1792.11	0.00004
1793.4	0.00004
1794.69	0.00004
1795.98	0.00004
1797.27	0.00004
1798.56	0.00004
1799.86	0.00004
1801.15	0.00004
1802.45	0.00004
1803.75	0.00004
1805.05	0.00004
1806.36	0.00004
1807.66	0.00004
1808.97	0.00004
1810.28	0.00004
1811.59	0.00004
1812.91	0.00004
1814.22	0.00004
1815.54	0.00004
1816.86	0.00004
1818.18	0.00004
1819.51	0.00004
1820.83	0.00004
1822.16	0.00004
1823.49	0.00004
1824.82	0.00004
1826.15	0.00004
1827.49	0.00004
1828.82	0.00004
1830.16	0.00004
1831.5	0.00004
1832.84	0.00004
1834.19	0.00004
1835.54	0.00004
1836.88	0.00004
1838.24	0.00004
1839.59	0.00004
1840.94	0.00004
1842.3	0.00004
1843.66	0.00004
1845.02	0.00004
1846.38	0.00004
1847.75	0.00004
1849.11	0.00004
1850.48	0.00004
1851.85	0.00004
1853.22	0.00004
1854.6	0.00004
1855.98	0.00004
1857.36	0.00004
1858.74	0.00004
1860.12	0.00004
1861.5	0.00004
1862.89	0.00004
1864.28	0.00004
1865.67	0.00004
1867.06	0.00004
1868.46	0.00004
1869.86	0.00004
1871.26	0.00004
1872.66	0.00004
1874.06	0.00004
1875.47	0.00004
1876.88	0.00004
1878.29	0.00004
1879.7	0.00004
1881.11	0.00004
1882.53	0.00004
1883.95	0.00004
1885.37	0.00004
1886.79	0.00004
1888.22	0.00004
1889.64	0.00004
1891.07	0.00005
1892.51	0.00005
1893.94	0.00005
1895.38	0.00005
1896.81	0.00005
1898.25	0.00005
1899.7	0.00005
1901.14	0.00005
1902.59	0.00005
1904.04	0.00005
1905.49	0.00005
1906.94	0.00005
1908.4	0.00005
1909.85	0.00005
1911.31	0.00005
1912.78	0.00005
1914.24	0.00005
1915.71	0.00005
1917.18	0.00005
1918.65	0.00005
1920.12	0.00005
1921.6	0.00005
1923.08	0.00005
1924.56	0.00005
1926.04	0.00005
1927.53	0.00005
1929.01	0.00005
1930.5	0.00005
1931.99	0.00005
1933.49	0.00005
1934.98	0.00005
1936.48	0.00005
1937.98	0.00005
1939.49	0.00005
1940.99	0.00005
1942.5	0.00005
1944.01	0.00005
1945.53	0.00005
1947.04	0.00005
1948.56	0.00005
1950.08	0.00005
1951.6	0.00005
1953.13	0.00005
1954.65	0.00005
1956.18	0.00005
1957.71	0.00005
1959.25	0.00005
1960.78	0.00005
1962.32	0.00005
1963.86	0.00005
1965.41	0.00005
1966.96	0.00005
1968.5	0.00005
1970.06	0.00005
1971.61	0.00005
1973.16	0.00005
1974.72	0.00005
1976.28	0.00005
1977.85	0.00005
1979.41	0.00005
1980.98	0.00005
1982.55	0.00005
1984.13	0.00005
1985.7	0.00005
1987.28	0.00005
1988.86	0.00005
1990.45	0.00005
1992.03	0.00005
1993.62	0.00005
1995.21	0.00005
1996.81	0.00005
1998.4	0.00005
2000	0.00005
2001.6	0.00005
2003.21	0.00005
2004.81	0.00005
2006.42	0.00005
2008.03	0.00005
2009.65	0.00005
2011.26	0.00005
2012.88	0.00005
2014.5	0.00005
2016.13	0.00005
2017.76	0.00006
2019.39	0.00006
2021.02	0.00006
2022.65	0.00006
2024.29	0.00006
2025.93	0.00006
2027.58	0.00006
2029.22	0.00006
2030.87	0.00006
2032.52	0.00006
2034.17	0.00006
2035.83	0.00006
2037.49	0.00006
2039.15	0.00006
2040.82	0.00006
2042.48	0.00006
2044.15	0.00006
2045.83	0.00006
2047.5	0.00006
2049.18	0.00006
2050.86	0.00006
2052.55	0.00006
2054.23	0.00006
2055.92	0.00006
2057.61	0.00006
2059.31	0.00006
2061.01	0.00006
2062.71	0.00006
2064.41	0.00006
2066.12	0.00006
2067.82	0.00006
2069.54	0.00006
2071.25	0.00006
2072.97	0.00006
2074.69	0.00006
2076.41	0.00006
2078.14	0.00006
2079.87	0.00006
2081.6	0.00006
2083.33	0.00006
2085.07	0.00006
2086.81	0.00006
2088.55	0.00006
2090.3	0.00006
2092.05	0.00006
2093.8	0.00006
2095.56	0.00006
2097.32	0.00006
2099.08	0.00006
2100.84	0.00006
2102.61	0.00006
2104.38	0.00006
2106.15	0.00006
2107.93	0.00006
2109.7	0.00006
2111.49	0.00006
2113.27	0.00006
2115.06	0.00006
2116.85	0.00006
2118.64	0.00006
2120.44	0.00006
2122.24	0.00006
2124.04	0.00006
2125.85	0.00006
2127.66	0.00006
2129.47	0.00007
2131.29	0.00007
2133.11	0.00007
2134.93	0.00007
2136.75	0.00007
2138.58	0.00007
2140.41	0.00007
2142.25	0.00007
2144.08	0.00007
2145.92	0.00007
2147.77	0.00007
2149.61	0.00007
2151.46	0.00007
2153.32	0.00007
2155.17	0.00007
2157.03	0.00007
2158.89	0.00007
2160.76	0.00007
2162.63	0.00007
2164.5	0.00007
2166.38	0.00007
2168.26	0.00007
2170.14	0.00007
2172.02	0.00007
2173.91	0.00007
2175.81	0.00007
2177.7	0.00007
2179.6	0.00007
2181.5	0.00007
2183.41	0.00007
2185.31	0.00007
2187.23	0.00007
2189.14	0.00007
2191.06	0.00007
2192.98	0.00007
2194.91	0.00007
2196.84	0.00007
2198.77	0.00007
2200.7	0.00007
2202.64	0.00007
2204.59	0.00007
2206.53	0.00007
2208.48	0.00007
2210.43	0.00007
2212.39	0.00007
2214.35	0.00007
2216.31	0.00007
2218.28	0.00007
2220.25	0.00007
2222.22	0.00007
2224.2	0.00007
2226.18	0.00007
2228.16	0.00007
2230.15	0.00008
2232.14	0.00008
2234.14	0.00008
2236.14	0.00008
2238.14	0.00008
2240.14	0.00008
2242.15	0.00008
2244.17	0.00008
2246.18	0.00008
2248.2	0.00008
2250.23	0.00008
2252.25	0.00008
2254.28	0.00008
2256.32	0.00008
2258.36	0.00008
2260.4	0.00008
2262.44	0.00008
2264.49	0.00008
2266.55	0.00008
2268.6	0.00008
2270.66	0.00008
2272.73	0.00008
2274.8	0.00008
2276.87	0.00008
2278.94	0.00008
2281.02	0.00008
2283.11	0.00008
2285.19	0.00008
2287.28	0.00008
2289.38	0.00008
2291.48	0.00008
2293.58	0.00008
2295.68	0.00008
2297.79	0.00008
2299.91	0.00008
2302.03	0.00008
2304.15	0.00008
2306.27	0.00008
2308.4	0.00008
2310.54	0.00008
2312.67	0.00008
2314.81	0.00008
2316.96	0.00008
2319.11	0.00008
2321.26	0.00009
2323.42	0.00009
2325.58	0.00009
2327.75	0.00009
2329.92	0.00009
2332.09	0.00009
2334.27	0.00009
2336.45	0.00009
2338.63	0.00009
2340.82	0.00009
2343.02	0.00009
2345.22	0.00009
2347.42	0.00009
2349.62	0.00009
2351.83	0.00009
2354.05	0.00009
2356.27	0.00009
2358.49	0.00009
2360.72	0.00009
2362.95	0.00009
2365.18	0.00009
2367.42	0.00009
2369.67	0.00009
2371.92	0.00009
2374.17	0.00009
2376.43	0.00009
2378.69	0.00009
2380.95	0.00009
2383.22	0.00009
2385.5	0.00009
2387.77	0.00009
2390.06	0.00009
2392.34	0.00009
2394.64	0.00009
2396.93	0.00009
2399.23	0.00009
2401.54	0.00009
2403.85	0.00009
2406.16	0.0001
2408.48	0.0001
2410.8	0.0001
2413.13	0.0001
2415.46	0.0001
2417.79	0.0001
2420.14	0.0001
2422.48	0.0001
2424.83	0.0001
2427.18	0.0001
2429.54	0.0001
2431.91	0.0001
2434.27	0.0001
2436.65	0.0001
2439.02	0.0001
2441.41	0.0001
2443.79	0.0001
2446.18	0.0001
2448.58	0.0001
2450.98	0.0001
2453.39	0.0001
2455.8	0.0001
2458.21	0.0001
2460.63	0.0001
2463.05	0.0001
2465.48	0.0001
2467.92	0.0001
2470.36	0.0001
2472.8	0.0001
2475.25	0.0001
2477.7	0.0001
2480.16	0.0001
2482.62	0.0001
2485.09	0.00011
2487.56	0.00011
2490.04	0.00011
2492.52	0.00011
2495.01	0.00011
2497.5	0.00011
2500	0.00011
2502.5	0.00011
2505.01	0.00011
2507.52	0.00011
2510.04	0.00011
2512.56	0.00011
2515.09	0.00011
2517.62	0.00011
2520.16	0.00011
2522.7	0.00011
2525.25	0.00011
2527.81	0.00011
2530.36	0.00011
2532.93	0.00011
2535.5	0.00011
2538.07	0.00011
2540.65	0.00011
2543.23	0.00011
2545.82	0.00011
2548.42	0.00011
2551.02	0.00011
2553.63	0.00011
2556.24	0.00012
2558.85	0.00012
2561.48	0.00012
2564.1	0.00012
2566.74	0.00012
2569.37	0.00012
2572.02	0.00012
2574.67	0.00012
2577.32	0.00012
2579.98	0.00012
2582.64	0.00012
2585.32	0.00012
2587.99	0.00012
2590.67	0.00012
2593.36	0.00012
2596.05	0.00012
2598.75	0.00012
2601.46	0.00012
2604.17	0.00012
2606.88	0.00012
2609.6	0.00012
2612.33	0.00012
2615.06	0.00012
2617.8	0.00012
2620.55	0.00012
2623.29	0.00012
2626.05	0.00013
2628.81	0.00013
2631.58	0.00013
2634.35	0.00013
2637.13	0.00013
2639.92	0.00013
2642.71	0.00013
2645.5	0.00013
2648.31	0.00013
2651.11	0.00013
2653.93	0.00013
2656.75	0.00013
2659.57	0.00013
2662.41	0.00013
2665.25	0.00013
2668.09	0.00013
2670.94	0.00013
2673.8	0.00013
2676.66	0.00013
2679.53	0.00013
2682.4	0.00013
2685.28	0.00013
2688.17	0.00013
2691.07	0.00014
2693.97	0.00014
2696.87	0.00014
2699.78	0.00014
2702.7	0.00014
2705.63	0.00014
2708.56	0.00014
2711.5	0.00014
2714.44	0.00014
2717.39	0.00014
2720.35	0.00014
2723.31	0.00014
2726.28	0.00014
2729.26	0.00014
2732.24	0.00014
2735.23	0.00014
2738.23	0.00014
2741.23	0.00014
2744.24	0.00014
2747.25	0.00014
2750.28	0.00014
2753.3	0.00015
2756.34	0.00015
2759.38	0.00015
2762.43	0.00015
2765.49	0.00015
2768.55	0.00015
2771.62	0.00015
2774.69	0.00015
2777.78	0.00015
2780.87	0.00015
2783.96	0.00015
2787.07	0.00015
2790.18	0.00015
2793.3	0.00015
2796.42	0.00015
2799.55	0.00015
2802.69	0.00015
2805.84	0.00015
2808.99	0.00016
2812.15	0.00016
2815.32	0.00016
2818.49	0.00016
2821.67	0.00016
2824.86	0.00016
2828.05	0.00016
2831.26	0.00016
2834.47	0.00016
2837.68	0.00016
2840.91	0.00016
2844.14	0.00016
2847.38	0.00016
2850.63	0.00016
2853.88	0.00016
2857.14	0.00016
2860.41	0.00016
2863.69	0.00016
2866.97	0.00017
2870.26	0.00017
2873.56	0.00017
2876.87	0.00017
2880.18	0.00017
2883.51	0.00017
2886.84	0.00017
2890.17	0.00017
2893.52	0.00017
2896.87	0.00017
2900.23	0.00017
2903.6	0.00017
2906.98	0.00017
2910.36	0.00017
2913.75	0.00017
2917.15	0.00017
2920.56	0.00018
2923.98	0.00018
2927.4	0.00018
2930.83	0.00018
2934.27	0.00018
2937.72	0.00018
2941.18	0.00018
2944.64	0.00018
2948.11	0.00018
2951.59	0.00018
2955.08	0.00018
2958.58	0.00018
2962.09	0.00018
2965.6	0.00018
2969.12	0.00019
2972.65	0.00019
2976.19	0.00019
2979.74	0.00019
2983.29	0.00019
2986.86	0.00019
2990.43	0.00019
2994.01	0.00019
2997.6	0.00019
3001.2	0.00019
3004.81	0.00019
3008.42	0.00019
3012.05	0.00019
3015.68	0.00019
3019.32	0.0002
3022.97	0.0002
3026.63	0.0002
3030.3	0.0002
3033.98	0.0002
3037.67	0.0002
3041.36	0.0002
3045.07	0.0002
3048.78	0.0002
3052.5	0.0002
3056.23	0.0002
3059.98	0.0002
3063.73	0.0002
3067.48	0.00021
3071.25	0.00021
3075.03	0.00021
3078.82	0.00021
3082.61	0.00021
3086.42	0.00021
3090.23	0.00021
3094.06	0.00021
3097.89	0.00021
3101.74	0.00021
3105.59	0.00021
3109.45	0.00021
3113.33	0.00022
3117.21	0.00022
3121.1	0.00022
3125	0.00022
3128.91	0.00022
3132.83	0.00022
3136.76	0.00022
3140.7	0.00022
3144.65	0.00022
3148.61	0.00022
3152.59	0.00022
3156.57	0.00023
3160.56	0.00023
3164.56	0.00023
3168.57	0.00023
3172.59	0.00023
3176.62	0.00023
3180.66	0.00023
3184.71	0.00023
3188.78	0.00023
3192.85	0.00023
3196.93	0.00023
3201.02	0.00024
3205.13	0.00024
3209.24	0.00024
3213.37	0.00024
3217.5	0.00024
3221.65	0.00024
3225.81	0.00024
3229.97	0.00024
3234.15	0.00024
3238.34	0.00024
3242.54	0.00025
3246.75	0.00025
3250.98	0.00025
3255.21	0.00025
3259.45	0.00025
3263.71	0.00025
3267.97	0.00025
3272.25	0.00025
3276.54	0.00025
3280.84	0.00026
3285.15	0.00026
3289.47	0.00026
3293.81	0.00026
3298.15	0.00026
3302.51	0.00026
3306.88	0.00026
3311.26	0.00026
3315.65	0.00026
3320.05	0.00027
3324.47	0.00027
3328.89	0.00027
3333.33	0.00027
3337.78	0.00027
3342.25	0.00027
3346.72	0.00027
3351.21	0.00027
3355.7	0.00027
3360.22	0.00028
3364.74	0.00028
3369.27	0.00028
3373.82	0.00028
3378.38	0.00028
3382.95	0.00028
3387.53	0.00028
3392.13	0.00028
3396.74	0.00029
3401.36	0.00029
3405.99	0.00029
3410.64	0.00029
3415.3	0.00029
3419.97	0.00029
3424.66	0.00029
3429.36	0.0003
3434.07	0.0003
3438.79	0.0003
3443.53	0.0003
3448.28	0.0003
3453.04	0.0003
3457.81	0.0003
3462.6	0.0003
3467.41	0.00031
3472.22	0.00031
3477.05	0.00031
3481.89	0.00031
3486.75	0.00031
3491.62	0.00031
3496.5	0.00031
3501.4	0.00032
3506.31	0.00032
3511.24	0.00032
3516.17	0.00032
3521.13	0.00032
3526.09	0.00032
3531.07	0.00032
3536.07	0.00033
3541.08	0.00033
3546.1	0.00033
3551.14	0.00033
3556.19	0.00033
3561.25	0.00033
3566.33	0.00034
3571.43	0.00034
3576.54	0.00034
3581.66	0.00034
3586.8	0.00034
3591.95	0.00034
3597.12	0.00035
3602.31	0.00035
3607.5	0.00035
3612.72	0.00035
3617.95	0.00035
3623.19	0.00035
3628.45	0.00036
3633.72	0.00036
3639.01	0.00036
3644.31	0.00036
3649.64	0.00036
3654.97	0.00036
3660.32	0.00037
3665.69	0.00037
3671.07	0.00037
3676.47	0.00037
3681.89	0.00037
3687.32	0.00037
3692.76	0.00038
3698.22	0.00038
3703.7	0.00038
3709.2	0.00038
3714.71	0.00038
3720.24	0.00039
3725.78	0.00039
3731.34	0.00039
3736.92	0.00039
3742.51	0.00039
3748.13	0.0004
3753.75	0.0004
3759.4	0.0004
3765.06	0.0004
3770.74	0.0004
3776.44	0.00041
3782.15	0.00041
3787.88	0.00041
3793.63	0.00041
3799.39	0.00041
3805.18	0.00042
3810.98	0.00042
3816.79	0.00042
3822.63	0.00042
3828.48	0.00043
3834.36	0.00043
3840.25	0.00043
3846.15	0.00043
3852.08	0.00043
3858.02	0.00044
3863.99	0.00044
3869.97	0.00044
3875.97	0.00044
3881.99	0.00045
3888.02	0.00045
3894.08	0.00045
3900.16	0.00045
3906.25	0.00045
3912.36	0.00046
3918.5	0.00046
3924.65	0.00046
3930.82	0.00046
3937.01	0.00047
3943.22	0.00047
3949.45	0.00047
3955.7	0.00047
3961.97	0.00048
3968.25	0.00048
3974.56	0.00048
3980.89	0.00048
3987.24	0.00049
3993.61	0.00049
4000	0.00049
4006.41	0.0005
4012.84	0.0005
4019.29	0.0005
4025.76	0.0005
4032.26	0.00051
4038.77	0.00051
4045.31	0.00051
4051.86	0.00051
4058.44	0.00052
4065.04	0.00052
4071.66	0.00052
4078.3	0.00053
4084.97	0.00053
4091.65	0.00053
4098.36	0.00054
4105.09	0.00054
4111.84	0.00054
4118.62	0.00054
4125.41	0.00055
4132.23	0.00055
4139.07	0.00055
4145.94	0.00056
4152.82	0.00056
4159.73	0.00056
4166.67	0.00057
4173.62	0.00057
4180.6	0.00057
4187.6	0.00058
4194.63	0.00058
4201.68	0.00058
4208.75	0.00059
4215.85	0.00059
4222.97	0.00059
4230.12	0.0006
4237.29	0.0006
4244.48	0.0006
4251.7	0.00061
4258.94	0.00061
4266.21	0.00061
4273.5	0.00062
4280.82	0.00062
4288.16	0.00063
4295.53	0.00063
4302.93	0.00063
4310.34	0.00064
4317.79	0.00064
4325.26	0.00064
4332.76	0.00065
4340.28	0.00065
4347.83	0.00066
4355.4	0.00066
4363	0.00066
4370.63	0.00067
4378.28	0.00067
4385.96	0.00068
4393.67	0.00068
4401.41	0.00069
4409.17	0.00069
4416.96	0.00069
4424.78	0.0007
4432.62	0.0007
4440.5	0.00071
4448.4	0.00071
4456.33	0.00072
4464.29	0.00072
4472.27	0.00072
4480.29	0.00073
4488.33	0.00073
4496.4	0.00074
4504.5	0.00074
4512.64	0.00075
4520.8	0.00075
4528.99	0.00076
4537.21	0.00076
4545.45	0.00077
4553.73	0.00077
4562.04	0.00078
4570.38	0.00078
4578.75	0.00079
4587.16	0.00079
4595.59	0.0008
4604.05	0.0008
4612.55	0.00081
4621.07	0.00081
4629.63	0.00082
4638.22	0.00082
4646.84	0.00083
4655.49	0.00084
4664.18	0.00084
4672.9	0.00085
4681.65	0.00085
4690.43	0.00086
4699.25	0.00086
4708.1	0.00087
4716.98	0.00088
4725.9	0.00088
4734.85	0.00089
4743.83	0.00089
4752.85	0.0009
4761.9	0.00091
4770.99	0.00091
4780.11	0.00092
4789.27	0.00092
4798.46	0.00093
4807.69	0.00094
4816.96	0.00094
4826.25	0.00095
4835.59	0.00096
4844.96	0.00096
4854.37	0.00097
4863.81	0.00098
4873.29	0.00099
4882.81	0.00099
4892.37	0.001
4901.96	0.00101
4911.59	0.00101
4921.26	0.00102
4930.97	0.00103
4940.71	0.00104
4950.5	0.00104
4960.32	0.00105
4970.18	0.00106
4980.08	0.00107
4990.02	0.00107
5000	0.00108
5010.02	0.00109
5020.08	0.0011
5030.18	0.00111
5040.32	0.00111
5050.51	0.00112
5060.73	0.00113
5070.99	0.00114
5081.3	0.00115
5091.65	0.00116
5102.04	0.00117
5112.47	0.00118
5122.95	0.00118
5133.47	0.00119
5144.03	0.0012
5154.64	0.00121
5165.29	0.00122
5175.98	0.00123
5186.72	0.00124
5197.51	0.00125
5208.33	0.00126
5219.21	0.00127
5230.13	0.00128
5241.09	0.00129
5252.1	0.0013
5263.16	0.00131
5274.26	0.00132
5285.41	0.00133
5296.61	0.00134
5307.86	0.00135
5319.15	0.00136
5330.49	0.00138
5341.88	0.00139
5353.32	0.0014
5364.81	0.00141
5376.34	0.00142
5387.93	0.00143
5399.57	0.00145
5411.26	0.00146
5422.99	0.00147
5434.78	0.00148
5446.62	0.00149
5458.52	0.00151
5470.46	0.00152
5482.46	0.00153
5494.51	0.00155
5506.61	0.00156
5518.76	0.00157
5530.97	0.00159
5543.24	0.0016
5555.56	0.00161
5567.93	0.00163
5580.36	0.00164
5592.84	0.00166
5605.38	0.00167
5617.98	0.00169
5630.63	0.0017
5643.34	0.00172
5656.11	0.00173
5668.93	0.00175
5681.82	0.00176
5694.76	0.00178
5707.76	0.0018
5720.82	0.00181
5733.94	0.00183
5747.13	0.00185
5760.37	0.00186
5773.67	0.00188
5787.04	0.0019
5800.46	0.00192
5813.95	0.00193
5827.51	0.00195
5841.12	0.00197
5854.8	0.00199
5868.54	0.00201
5882.35	0.00203
5896.23	0.00205
5910.17	0.00207
5924.17	0.00209
5938.24	0.00211
5952.38	0.00213
5966.59	0.00215
5980.86	0.00217
5995.2	0.00219
6009.62	0.00221
6024.1	0.00224
6038.65	0.00226
6053.27	0.00228
6067.96	0.0023
6082.73	0.00233
6097.56	0.00235
6112.47	0.00238
6127.45	0.0024
6142.51	0.00243
6157.64	0.00245
6172.84	0.00248
6188.12	0.0025
6203.47	0.00253
6218.91	0.00256
6234.41	0.00258
6250	0.00261
6265.66	0.00264
6281.41	0.00267
6297.23	0.0027
6313.13	0.00273
6329.11	0.00276
6345.18	0.00279
6361.32	0.00282
6377.55	0.00285
6393.86	0.00288
6410.26	0.00292
6426.74	0.00295
6443.3	0.00298
6459.95	0.00302
6476.68	0.00305
6493.51	0.00309
6510.42	0.00312
6527.42	0.00316
6544.5	0.0032
6561.68	0.00324
6578.95	0.00327
6596.31	0.00331
6613.76	0.00335
6631.3	0.00339
6648.94	0.00344
6666.67	0.00348
6684.49	0.00352
6702.41	0.00356
6720.43	0.00361
6738.54	0.00365
6756.76	0.0037
6775.07	0.00375
6793.48	0.0038
6811.99	0.00384
6830.6	0.00389
6849.32	0.00395
6868.13	0.004
6887.05	0.00405
6906.08	0.0041
6925.21	0.00416
6944.44	0.00422
6963.79	0.00427
6983.24	0.00433
7002.8	0.00439
7022.47	0.00445
7042.25	0.00451
7062.15	0.00458
7082.15	0.00464
7102.27	0.00471
7122.51	0.00477
7142.86	0.00484
7163.32	0.00491
7183.91	0.00499
7204.61	0.00506
7225.43	0.00514
7246.38	0.00521
7267.44	0.00529
7288.63	0.00537
7309.94	0.00545
7331.38	0.00554
7352.94	0.00563
7374.63	0.00571
7396.45	0.0058
7418.4	0.0059
7440.48	0.00599
7462.69	0.00609
7485.03	0.00619
7507.51	0.00629
7530.12	0.0064
7552.87	0.0065
7575.76	0.00661
7598.78	0.00673
7621.95	0.00684
7645.26	0.00696
7668.71	0.00709
7692.31	0.00721
7716.05	0.00734
7739.94	0.00748
7763.98	0.00761
7788.16	0.00775
7812.5	0.0079
7836.99	0.00805
7861.64	0.0082
7886.44	0.00836
7911.39	0.00852
7936.51	0.00869
7961.78	0.00886
7987.22	0.00904
8012.82	0.00922
8038.59	0.00941
8064.52	0.00961
8090.61	0.00981
8116.88	0.01002
8143.32	0.01024
8169.93	0.01046
8196.72	0.01069
8223.68	0.01093
8250.83	0.01118
8278.15	0.01144
8305.65	0.01171
8333.33	0.01198
8361.2	0.01227
8389.26	0.01257
8417.51	0.01288
8445.95	0.0132
8474.58	0.01354
8503.4	0.01389
8532.42	0.01425
8561.64	0.01463
8591.07	0.01503
8620.69	0.01544
8650.52	0.01587
8680.56	0.01632
8710.8	0.01679
8741.26	0.01728
8771.93	0.0178
8802.82	0.01834
8833.92	0.01891
8865.25	0.01951
8896.8	0.02013
8928.57	0.02079
8960.57	0.02149
8992.81	0.02222
9025.27	0.023
9057.97	0.02382
9090.91	0.02468
9124.09	0.0256
9157.51	0.02657
9191.18	0.02761
9225.09	0.02871
9259.26	0.02987
9293.68	0.03112
9328.36	0.03245
9363.3	0.03387
9398.5	0.0354
9433.96	0.03703
9469.7	0.03878
9505.7	0.04067
9541.98	0.0427
9578.54	0.0449
9615.38	0.04727
9652.51	0.04984
9689.92	0.05263
9727.63	0.05567
9765.63	0.05898
9803.92	0.06259
9842.52	0.06655
9881.42	0.07088
9920.63	0.07564
9960.16	0.08089
10000	0.08668
10040.16	0.09308
10080.65	0.10017
10121.46	0.10805
10162.6	0.11681
10204.08	0.12658
10245.9	0.13749
10288.07	0.1497
10330.58	0.16336
10373.44	0.17868
10416.67	0.19585
10460.25	0.21511
10504.2	0.23667
10548.52	0.26076
10593.22	0.28758
10638.3	0.31728
10683.76	0.34993
10729.61	0.38551
10775.86	0.42383
10822.51	0.46461
10869.57	0.50742
10917.03	0.5518
10964.91	0.59725
11013.22	0.64333
11061.95	0.68967
11111.11	0.736
11160.71	0.78213
11210.76	0.82792
11261.26	0.87332
11312.22	0.91828
11363.64	0.96278
11415.53	1.00683
11467.89	1.0504
11520.74	1.09351
11574.07	1.13614
11627.91	1.17832
11682.24	1.22006
11737.09	1.26139
11792.45	1.30238
11848.34	1.34309
11904.76	1.38357
11961.72	1.42389
12019.23	1.46408
12077.29	1.50416
12135.92	1.54407
12195.12	1.58372
12254.9	1.62298
12315.27	1.66165
12376.24	1.69952
12437.81	1.73637
12500	1.772
12562.81	1.80623
12626.26	1.83891
12690.36	1.86995
12755.1	1.89931
12820.51	1.92701
12886.6	1.9531
12953.37	1.97768
13020.83	2.00091
13089.01	2.02297
13157.89	2.04403
13227.51	2.06426
13297.87	2.08377
13368.98	2.10258
13440.86	2.12061
13513.51	2.13766
13586.96	2.15339
13661.2	2.16738
13736.26	2.17916
13812.15	2.18826
13888.89	2.1943
13966.48	2.19702
14044.94	2.19635
14124.29	2.19244
14204.55	2.18559
14285.71	2.17626
