114.773	1.544939698
115.104	1.540707017
115.436	1.536395315
115.768	1.53200749
116.102	1.527546463
116.437	1.523015182
116.772	1.518416611
117.109	1.513753736
117.446	1.509029562
117.785	1.504247106
118.124	1.499409402
118.465	1.494519495
118.806	1.489580442
119.149	1.484595311
119.492	1.479567174
119.837	1.474499114
120.182	1.469394217
120.529	1.464255574
120.876	1.459086278
121.224	1.453889425
121.574	1.44866811
121.924	1.44342543
122.276	1.438164478
122.628	1.432888345
122.982	1.427600121
123.336	1.422302889
123.692	1.416999729
124.048	1.411693715
124.406	1.406387915
124.764	1.40108539
125.124	1.395789193
125.484	1.390502371
125.846	1.385227962
126.209	1.379968994
126.573	1.374728488
126.937	1.369509454
127.303	1.364314894
127.67	1.3591478
128.038	1.354011152
128.407	1.348907922
128.777	1.343841071
129.149	1.338813549
129.521	1.333828293
129.894	1.328888234
130.269	1.323996286
130.644	1.319155356
131.021	1.314368337
131.398	1.30963811
131.777	1.304967544
132.157	1.300359496
132.538	1.295816807
132.92	1.291342307
133.303	1.28693881
133.687	1.282609115
134.073	1.278356005
134.459	1.274182246
134.847	1.270090584
135.235	1.266083747
135.625	1.26216444
136.016	1.258335347
136.408	1.254599125
136.801	1.250958404
137.196	1.247415784
137.591	1.243973831
137.988	1.240635078
138.385	1.237402014
138.784	1.234277088
139.184	1.231262698
139.585	1.228361191
139.988	1.225574852
140.391	1.222905906
140.796	1.220356503
141.202	1.217928717
141.609	1.215624534
142.017	1.213445846
142.426	1.21139444
142.837	1.209471988
143.248	1.207680037
143.661	1.206019996
144.075	1.204493122
144.491	1.203100506
144.907	1.201843062
145.325	1.200721502
145.744	1.199736327
146.164	1.198887802
146.585	1.19817594
147.008	1.197600477
147.431	1.197160849
147.856	1.196856171
148.282	1.196685207
148.71	1.196646342
149.139	1.196737557
149.568	1.196956396
150	1.19729993
150.432	1.19776473
150.865	1.198346827
151.3	1.199041675
151.736	1.199844117
152.174	1.200748341
152.612	1.201747846
153.052	1.202835393
153.493	1.20400297
153.936	1.205241747
154.38	1.206542037
154.825	1.207893249
155.271	1.209283856
155.718	1.210701347
156.167	1.212132198
156.617	1.213561832
157.069	1.21497459
157.522	1.216353706
157.976	1.217681283
158.431	1.21893828
158.888	1.220104502
159.346	1.2211586
159.805	1.222078084
160.265	1.222839341
160.727	1.223417669
161.191	1.223787321
161.655	1.223921572
162.121	1.223792791
162.589	1.223372539
163.057	1.222631682
163.527	1.221540526
163.998	1.220068969
164.471	1.218186677
164.945	1.215863279
165.421	1.213068587
165.898	1.209772832
166.376	1.205946922
166.855	1.201562715
167.336	1.196593312
167.819	1.191013355
168.302	1.18479934
168.787	1.17792993
169.274	1.170386268
169.762	1.162152282
170.251	1.15321498
170.742	1.143564721
171.234	1.133195464
171.728	1.12210498
172.222	1.110295029
172.719	1.097771487
173.217	1.08454443
173.716	1.070628154
174.217	1.056041141
174.719	1.040805974
175.223	1.024949177
175.728	1.008501011
176.234	0.991495211
176.742	0.973968665
177.251	0.955961065
177.762	0.937514505
178.275	0.918673061
178.789	0.899482349
179.304	0.879989068
179.821	0.860240548
180.339	0.8402843
180.859	0.820167588
181.38	0.799937021
181.903	0.779638172
182.427	0.759315239
182.953	0.739010738
183.48	0.718765246
184.009	0.698617178
184.54	0.678602617
185.072	0.658755177
185.605	0.639105916
186.14	0.619683284
186.677	0.600513106
187.215	0.581618595
187.754	0.5630204
188.295	0.544736672
188.838	0.526783154
189.383	0.509173287
189.928	0.491918326
190.476	0.475027473
191.025	0.458508007
191.575	0.442365428
192.128	0.426603594
192.681	0.411224861
193.237	0.396230221
193.794	0.381619437
194.352	0.367391169
194.913	0.353543097
195.474	0.34007204
196.038	0.32697406
196.603	0.314244571
197.17	0.301878425
197.738	0.289870006
198.308	0.278213308
198.879	0.266902007
199.453	0.255929527
200.028	0.245289101
200.604	0.234973825
201.182	0.224976704
201.762	0.215290697
202.344	0.205908751
202.927	0.19682384
203.512	0.188028988
204.099	0.179517296
204.687	0.171281966
205.277	0.163316315
205.868	0.155613794
206.462	0.148167998
207.057	0.140972681
207.654	0.134021759
208.252	0.127309319
208.853	0.120829627
209.455	0.114577126
210.058	0.108546444
210.664	0.102732389
211.271	0.097129955
211.88	0.09173432
212.491	0.086540841
213.103	0.081545058
213.717	0.076742686
214.333	0.072129616
214.951	0.067701911
215.571	0.0634558
216.192	0.059387678
216.815	0.055494099
217.44	0.051771773
218.067	0.048217562
218.696	0.044828477
219.326	0.041601668
219.958	0.038534428
220.592	0.035624181
221.228	0.032868483
221.866	0.030265013
222.505	0.027811573
223.146	0.025506081
223.79	0.023346566
224.435	0.021331168
225.082	0.019458128
225.73	0.01772579
226.381	0.016132591
227.033	0.014677064
227.688	0.013357828
228.344	0.012173586
229.002	0.011123125
229.662	0.010205308
230.324	0.00941907
230.988	0.008763418
231.654	0.008237422
232.322	0.00784021
232.991	0.007570954
233.663	0.007423284
234.336	0.007308534
235.012	0.007196317
235.689	0.007086826
236.369	0.006980253
237.05	0.006876805
237.733	0.006776715
238.418	0.006680247
239.106	0.006587702
239.795	0.006499418
240.486	0.006415772
241.179	0.006337185
241.874	0.006264118
242.572	0.006197072
243.271	0.006136586
243.972	0.006083231
244.675	0.006037607
245.38	0.006000335
246.088	0.005972045
246.797	0.005953369
247.508	0.005944925
248.222	0.005947307
248.937	0.005961062
249.655	0.005986683
250.374	0.006024583
251.096	0.00607508
251.82	0.006138383
252.546	0.006214566
253.274	0.006303561
254.004	0.006405135
254.736	0.006518885
255.47	0.006644223
256.206	0.006780371
256.945	0.00692636
257.685	0.007081028
258.428	0.007243029
259.173	0.007410842
259.92	0.007582782
260.669	0.007757026
261.421	0.007931628
262.174	0.008104551
262.93	0.008273695
263.688	0.008436926
264.448	0.008592117
265.21	0.008737175
265.974	0.008870083
266.741	0.008988929
267.51	0.00909194
268.281	0.009177515
269.054	0.009244249
269.83	0.009290958
270.608	0.009316697
271.388	0.009320776
272.17	0.009302766
272.954	0.009262506
273.741	0.009200102
274.53	0.009115916
275.321	0.009010563
276.115	0.008884887
276.911	0.008739947
277.709	0.008576996
278.509	0.008397447
279.312	0.008202858
280.117	0.007994893
280.925	0.007775299
281.734	0.007545873
282.546	0.007308436
283.361	0.007064807
284.178	0.006816772
284.997	0.006566067
285.818	0.006314353
286.642	0.0060632
287.468	0.00581407
288.297	0.005568306
289.128	0.005327122
289.961	0.005091599
290.797	0.004862677
291.635	0.004641159
292.476	0.004427709
293.319	0.004222855
294.164	0.004027001
295.012	0.003840425
295.862	0.003663294
296.715	0.003495669
297.57	0.003337521
298.428	0.003188732
299.288	0.003049116
300.151	0.00291842
301.016	0.002796341
301.884	0.002682533
302.754	0.002576617
303.627	0.002478189
304.502	0.002386829
305.379	0.002302108
306.26	0.002223592
307.142	0.002150851
308.028	0.002083462
308.916	0.002021014
309.806	0.001963108
310.699	0.001909366
311.595	0.001859426
312.493	0.001812948
313.393	0.001769612
314.297	0.001729122
315.203	0.001691201
316.111	0.001655596
317.022	0.001622074
317.936	0.001590423
318.853	0.001560449
319.772	0.001531978
320.693	0.001504853
321.618	0.001478931
322.545	0.001454088
323.474	0.00143021
324.407	0.001407198
325.342	0.001384962
326.28	0.001363425
327.22	0.001342518
328.163	0.001322179
329.109	0.001302357
330.058	0.001283005
331.009	0.001264081
331.963	0.001245551
332.92	0.001227384
333.88	0.001209553
334.842	0.001192034
335.807	0.001174808
336.775	0.001157855
337.746	0.001141162
338.719	0.001124713
339.696	0.001108497
340.675	0.001092504
341.657	0.001076725
342.641	0.00106115
343.629	0.001045774
344.62	0.001030588
345.613	0.001015588
346.609	0.001000767
347.608	0.000986121
348.61	0.000971646
349.615	0.000957337
350.623	0.00094319
351.633	0.000929202
352.647	0.000915369
353.663	0.000901688
354.683	0.000888156
355.705	0.000874769
356.73	0.000861526
357.758	0.000848423
358.79	0.000835457
359.824	0.000822626
360.861	0.000809928
361.901	0.00079736
362.944	0.00078492
363.99	0.000772605
365.04	0.000760413
366.092	0.000748342
367.147	0.000736389
368.205	0.000724553
369.266	0.000712832
370.331	0.000701223
371.398	0.000689724
372.469	0.000678334
373.542	0.000667051
374.619	0.000655872
375.699	0.000644795
376.782	0.00063382
377.868	0.000622943
378.957	0.000612164
380.049	0.00060148
381.145	0.00059089
382.243	0.000580392
383.345	0.000569985
384.45	0.000559666
385.558	0.000549435
386.669	0.000539289
387.784	0.000529227
388.902	0.000519247
390.023	0.000509349
391.147	0.00049953
392.274	0.000489789
393.405	0.000480124
394.539	0.000470535
395.676	0.000461019
396.817	0.000451576
397.96	0.000442203
399.107	0.000432901
400.258	0.000423666
401.412	0.000414499
402.569	0.000405398
403.729	0.000396361
404.893	0.000387387
406.06	0.000378476
407.23	0.000369625
408.404	0.000360834
409.581	0.000352101
410.762	0.000343426
411.946	0.000334808
413.133	0.000326244
414.324	0.000317734
415.518	0.000309278
416.716	0.000300873
417.917	0.000292519
419.121	0.000284215
420.33	0.00027596
421.541	0.000267752
422.756	0.000259591
423.975	0.000251476
425.197	0.000243406
426.422	0.00023538
427.651	0.000227397
428.884	0.000219456
430.12	0.000211556
431.36	0.000203696
432.603	0.000195876
433.85	0.000188094
435.101	0.00018035
436.355	0.000172642
437.613	0.000164971
438.874	0.000157334
440.139	0.000149732
441.408	0.000142163
442.68	0.000134627
443.956	0.000127123
445.236	0.00011965
446.519	0.000112207
447.806	0.000104794
449.097	9.74E-05
450.391	9.01E-05
451.689	8.27E-05
452.991	7.54E-05
454.297	6.81E-05
455.606	6.09E-05
456.92	5.37E-05
458.237	4.65E-05
459.558	3.93E-05
460.882	3.21E-05
462.211	2.50E-05
463.543	1.79E-05
464.879	1.08E-05
466.219	3.71E-06
467.563	2.88E-20
468.91	2.09E-20
470.262	1.51E-20
471.617	1.09E-20
472.977	7.93E-21
474.34	5.74E-21
475.707	4.15E-21
477.079	3.00E-21
478.454	2.17E-21
479.833	1.57E-21
481.216	1.13E-21
482.603	8.20E-22
483.994	5.92E-22
485.389	4.27E-22
486.788	3.09E-22
488.191	2.23E-22
489.598	1.61E-22
491.009	1.16E-22
492.425	8.36E-23
493.844	6.03E-23
495.268	4.34E-23
496.695	3.13E-23
498.127	2.26E-23
499.563	1.63E-23
501.002	1.17E-23
502.447	8.43E-24
503.895	6.07E-24
505.347	4.37E-24
506.804	3.14E-24
508.265	2.26E-24
509.73	1.63E-24
511.199	1.17E-24
512.672	8.43E-25
514.15	6.06E-25
515.632	4.36E-25
517.118	3.13E-25
518.609	2.25E-25
520.104	1.62E-25
521.603	1.16E-25
523.106	8.37E-26
524.614	6.02E-26
526.126	4.32E-26
527.643	3.11E-26
529.163	2.23E-26
530.689	1.60E-26
532.218	1.15E-26
533.752	8.28E-27
535.291	5.95E-27
536.834	4.27E-27
538.381	3.07E-27
539.933	2.20E-27
541.489	1.58E-27
543.05	1.14E-27
544.615	8.17E-28
546.185	5.87E-28
547.759	4.22E-28
549.338	3.03E-28
550.922	2.18E-28
552.51	1.56E-28
554.102	1.12E-28
555.699	8.06E-29
557.301	5.79E-29
558.907	4.16E-29
560.518	2.99E-29
562.134	2.15E-29
563.754	1.54E-29
565.379	1.11E-29
567.009	7.97E-30
568.643	5.73E-30
570.282	4.12E-30
571.926	2.96E-30
573.575	2.13E-30
575.228	1.53E-30
576.886	1.10E-30
578.549	7.91E-31
580.216	5.69E-31
581.889	4.09E-31
583.566	2.94E-31
585.248	2.12E-31
586.935	1.52E-31
588.627	1.10E-31
590.323	7.88E-32
592.025	5.67E-32
593.731	4.08E-32
595.443	2.94E-32
597.159	2.12E-32
598.88	1.52E-32
600.606	1.10E-32
602.337	7.91E-33
604.074	5.70E-33
605.815	4.11E-33
607.561	2.96E-33
609.312	2.13E-33
611.068	1.54E-33
612.83	1.11E-33
614.596	8.00E-34
616.368	5.77E-34
618.144	4.16E-34
619.926	3.00E-34
621.713	2.17E-34
623.505	1.57E-34
625.302	1.13E-34
627.104	8.17E-35
628.912	5.90E-35
630.725	4.26E-35
632.543	3.08E-35
634.366	2.23E-35
636.194	1.61E-35
638.028	1.16E-35
639.867	8.42E-36
641.712	6.10E-36
643.561	4.41E-36
645.416	3.19E-36
647.277	2.31E-36
649.142	1.67E-36
651.013	1.21E-36
652.89	8.79E-37
654.772	6.37E-37
656.659	4.62E-37
658.552	3.35E-37
660.45	2.43E-37
662.354	1.76E-37
664.263	1.28E-37
666.177	9.30E-38
668.098	6.75E-38
670.023	4.90E-38
671.955	3.56E-38
673.891	2.59E-38
675.834	1.88E-38
677.782	1.37E-38
679.735	9.97E-39
681.695	7.25E-39
683.66	5.28E-39
685.63	3.84E-39
687.606	2.80E-39
689.588	2.04E-39
691.576	1.49E-39
693.569	1.08E-39
695.568	7.91E-40
697.573	5.77E-40
699.584	4.21E-40
701.6	3.07E-40
703.623	2.24E-40
705.651	1.64E-40
707.685	1.20E-40
709.725	8.76E-41
711.77	6.41E-41
713.822	4.69E-41
715.879	3.43E-41
717.943	2.51E-41
720.012	1.84E-41
722.088	1.35E-41
724.169	9.87E-42
726.256	7.23E-42
728.35	5.30E-42
730.449	3.89E-42
732.554	2.85E-42
734.666	2.10E-42
736.783	1.54E-42
738.907	1.13E-42
741.037	8.31E-43
743.173	6.11E-43
745.315	4.49E-43
747.463	3.31E-43
749.618	2.43E-43
751.778	1.79E-43
753.945	1.32E-43
756.119	9.72E-44
758.298	7.16E-44
760.484	5.28E-44
762.676	3.90E-44
764.874	2.88E-44
767.079	2.12E-44
769.29	1.57E-44
771.507	1.16E-44
773.731	8.56E-45
775.961	6.33E-45
778.198	4.68E-45
780.441	3.47E-45
782.69	2.57E-45
784.946	1.90E-45
787.209	1.41E-45
789.478	1.04E-45
791.753	7.74E-46
794.035	5.74E-46
796.324	4.26E-46
798.619	3.16E-46
800.921	2.35E-46
803.23	1.75E-46
805.545	1.30E-46
807.867	9.65E-47
810.196	7.18E-47
812.531	5.34E-47
814.873	3.98E-47
817.222	2.96E-47
819.577	2.21E-47
821.94	1.65E-47
824.309	1.23E-47
826.685	9.16E-48
829.067	6.84E-48
831.457	5.11E-48
833.854	3.82E-48
836.257	2.85E-48
838.668	2.13E-48
841.085	1.60E-48
843.509	1.19E-48
845.941	8.94E-49
848.379	6.70E-49
850.824	5.02E-49
853.277	3.76E-49
855.736	2.82E-49
858.203	2.12E-49
860.676	1.59E-49
863.157	1.19E-49
865.645	8.97E-50
868.14	6.74E-50
870.643	5.07E-50
873.152	3.82E-50
875.669	2.87E-50
878.193	2.16E-50
880.724	1.63E-50
883.263	1.23E-50
885.809	9.26E-51
888.362	6.99E-51
890.922	5.27E-51
893.49	3.98E-51
896.066	3.01E-51
898.649	2.27E-51
901.239	1.72E-51
903.836	1.30E-51
906.442	9.84E-52
909.054	7.45E-52
911.675	5.64E-52
914.302	4.28E-52
916.938	3.24E-52
919.581	2.46E-52
922.231	1.87E-52
924.89	1.42E-52
927.555	1.08E-52
930.229	8.18E-53
932.91	6.22E-53
935.599	4.73E-53
938.296	3.60E-53
941.001	2.74E-53
943.713	2.09E-53
946.433	1.59E-53
949.161	1.21E-53
951.897	9.26E-54
954.641	7.06E-54
957.392	5.39E-54
960.152	4.12E-54
962.919	3.15E-54
965.695	2.41E-54
968.478	1.84E-54
971.27	1.41E-54
974.069	1.08E-54
976.877	8.26E-55
979.693	6.33E-55
982.517	4.85E-55
985.349	3.72E-55
988.189	2.86E-55
991.037	2.19E-55
993.894	1.69E-55
996.758	1.30E-55
999.631	9.96E-56
1002.51	7.66E-56
1005.4	5.90E-56
1008.3	4.54E-56
1011.21	3.50E-56
1014.12	2.69E-56
1017.04	2.08E-56
1019.98	1.60E-56
1022.92	1.24E-56
1025.86	9.55E-57
1028.82	7.38E-57
1031.79	5.70E-57
1034.76	4.41E-57
1037.74	3.41E-57
1040.73	2.64E-57
1043.73	2.04E-57
1046.74	1.58E-57
1049.76	1.23E-57
1052.79	9.52E-58
1055.82	7.39E-58
1058.86	5.73E-58
1061.92	4.45E-58
1064.98	3.46E-58
1068.05	2.69E-58
1071.12	2.09E-58
1074.21	1.63E-58
1077.31	1.27E-58
1080.41	9.87E-59
1083.53	7.69E-59
1086.65	5.99E-59
1089.78	4.67E-59
1092.92	3.65E-59
1096.07	2.85E-59
1099.23	2.22E-59
1102.4	1.74E-59
1105.58	1.36E-59
1108.77	1.06E-59
1111.96	8.31E-60
1115.17	6.51E-60
1118.38	5.10E-60
1121.6	3.99E-60
1124.84	3.13E-60
1128.08	2.46E-60
1131.33	1.93E-60
1134.59	1.51E-60
1137.86	1.19E-60
1141.14	9.34E-61
1144.43	7.35E-61
1147.73	5.78E-61
1151.04	4.55E-61
1154.36	3.58E-61
1157.68	2.82E-61
1161.02	2.22E-61
1164.37	1.75E-61
1167.72	1.38E-61
1171.09	1.09E-61
1174.46	8.62E-62
1177.85	6.81E-62
1181.24	5.38E-62
1184.65	4.25E-62
1188.06	3.37E-62
1191.49	2.66E-62
1194.92	2.11E-62
1198.37	1.67E-62
1201.82	1.32E-62
1205.29	1.05E-62
1208.76	8.33E-63
1212.24	6.61E-63
1215.74	5.25E-63
1219.24	4.17E-63
1222.76	3.32E-63
1226.28	2.64E-63
1229.82	2.10E-63
1233.36	1.67E-63
1236.92	1.33E-63
1240.48	1.06E-63
1244.06	8.45E-64
1247.64	6.73E-64
1251.24	5.37E-64
1254.84	4.29E-64
1258.46	3.43E-64
1262.09	2.74E-64
1265.73	2.19E-64
1269.37	1.75E-64
1273.03	1.40E-64
1276.7	1.12E-64
1280.38	8.97E-65
1284.07	7.19E-65
1287.77	5.76E-65
1291.49	4.62E-65
1295.21	3.71E-65
1298.94	2.98E-65
1302.69	2.39E-65
1306.44	1.92E-65
1310.21	1.54E-65
1313.98	1.24E-65
1317.77	9.99E-66
1321.57	8.04E-66
1325.38	6.47E-66
1329.2	5.22E-66
1333.03	4.20E-66
1336.87	3.39E-66
1340.73	2.73E-66
1344.59	2.21E-66
1348.47	1.78E-66
1352.35	1.44E-66
1356.25	1.16E-66
1360.16	9.41E-67
1364.08	7.62E-67
1368.01	6.16E-67
1371.96	4.99E-67
1375.91	4.04E-67
1379.88	3.28E-67
1383.85	2.66E-67
1387.84	2.16E-67
1391.84	1.75E-67
1395.85	1.42E-67
1399.88	1.15E-67
1403.91	9.38E-68
1407.96	7.62E-68
1412.02	6.20E-68
1416.09	5.05E-68
1420.17	4.11E-68
1424.26	3.35E-68
1428.37	2.73E-68
1432.48	2.22E-68
1436.61	1.81E-68
1440.75	1.48E-68
1444.91	1.21E-68
1449.07	9.87E-69
1453.25	8.06E-69
1457.44	6.59E-69
1461.64	5.39E-69
1465.85	4.41E-69
1470.08	3.61E-69
1474.31	2.96E-69
1478.56	2.42E-69
1482.82	1.99E-69
1487.1	1.63E-69
1491.39	1.34E-69
1495.68	1.10E-69
1500	9.00E-70
1504.32	7.39E-70
1508.65	6.08E-70
1513	5.00E-70
1517.36	4.11E-70
1521.74	3.38E-70
1526.12	2.78E-70
1530.52	2.29E-70
1534.93	1.89E-70
1539.36	1.56E-70
1543.8	1.28E-70
1548.25	1.06E-70
1552.71	8.75E-71
1557.18	7.22E-71
1561.67	5.97E-71
1566.17	4.93E-71
1570.69	4.08E-71
1575.22	3.37E-71
1579.76	2.79E-71
1584.31	2.31E-71
1588.88	1.91E-71
1593.46	1.59E-71
1598.05	1.32E-71
1602.65	1.09E-71
1607.27	9.05E-72
1611.91	7.51E-72
1616.55	6.24E-72
1621.21	5.18E-72
1625.89	4.31E-72
1630.57	3.58E-72
1635.27	2.98E-72
1639.98	2.48E-72
1644.71	2.06E-72
1649.45	1.72E-72
1654.21	1.43E-72
1658.98	1.19E-72
1663.76	9.96E-73
1668.55	8.31E-73
1673.36	6.94E-73
1678.19	5.79E-73
1683.02	4.84E-73
1687.87	4.04E-73
1692.74	3.38E-73
1697.62	2.83E-73
1702.51	2.37E-73
1707.42	1.98E-73
1712.34	1.66E-73
1717.28	1.39E-73
1722.22	1.16E-73
1727.19	9.76E-74
1732.17	8.19E-74
1737.16	6.87E-74
1742.17	5.77E-74
1747.19	4.84E-74
1752.23	4.07E-74
1757.28	3.42E-74
1762.34	2.88E-74
1767.42	2.42E-74
1772.51	2.04E-74
1777.62	1.71E-74
1782.75	1.44E-74
1787.89	1.22E-74
1793.04	1.03E-74
1798.21	8.65E-75
1803.39	7.30E-75
1808.59	6.16E-75
1813.8	5.20E-75
1819.03	4.39E-75
1824.27	3.71E-75
1829.53	3.14E-75
1834.8	2.65E-75
1840.09	2.24E-75
1845.4	1.90E-75
1850.72	1.61E-75
1856.05	1.36E-75
1861.4	1.15E-75
1866.77	9.78E-76
1872.15	8.29E-76
1877.54	7.03E-76
1882.95	5.97E-76
1888.38	5.07E-76
1893.83	4.30E-76
1899.28	3.66E-76
1904.76	3.11E-76
1910.25	2.64E-76
1915.75	2.25E-76
1921.28	1.91E-76
1926.81	1.63E-76
1932.37	1.39E-76
1937.94	1.18E-76
1943.52	1.01E-76
1949.13	8.59E-77
1954.74	7.32E-77
1960.38	6.25E-77
1966.03	5.33E-77
1971.7	4.55E-77
1977.38	3.89E-77
1983.08	3.32E-77
1988.79	2.84E-77
1994.53	2.43E-77
2000.28	2.08E-77
2006.04	1.78E-77
2011.82	1.52E-77
2017.62	1.31E-77
2023.44	1.12E-77
2029.27	9.59E-78
2035.12	8.22E-78
2040.99	7.05E-78
2046.87	6.05E-78
2052.77	5.19E-78
2058.68	4.46E-78
2064.62	3.83E-78
2070.57	3.29E-78
2076.54	2.83E-78
2082.52	2.43E-78
2088.53	2.09E-78
2094.55	1.80E-78
2100.58	1.55E-78
2106.64	1.34E-78
2112.71	1.15E-78
2118.8	9.93E-79
2124.91	8.56E-79
2131.03	7.38E-79
2137.17	6.37E-79
2143.33	5.50E-79
2149.51	4.75E-79
2155.71	4.10E-79
2161.92	3.54E-79
2168.15	3.06E-79
2174.4	2.65E-79
2180.67	2.29E-79
2186.96	1.98E-79
2193.26	1.72E-79
2199.58	1.49E-79
2205.92	1.29E-79
2212.28	1.12E-79
2218.66	9.68E-80
2225.05	8.39E-80
2231.46	7.28E-80
2237.9	6.32E-80
2244.35	5.48E-80
2250.82	4.76E-80
2257.3	4.14E-80
2263.81	3.60E-80
2270.33	3.13E-80
2276.88	2.72E-80
2283.44	2.36E-80
2290.02	2.06E-80
2296.62	1.79E-80
2303.24	1.56E-80
2309.88	1.36E-80
2316.54	1.18E-80
2323.22	1.03E-80
2329.91	9.00E-81
2336.63	7.85E-81
2343.36	6.85E-81
2350.12	5.98E-81
2356.89	5.22E-81
2363.69	4.56E-81
2370.5	3.99E-81
2377.33	3.49E-81
2384.18	3.05E-81
2391.06	2.67E-81
2397.95	2.33E-81
2404.86	2.04E-81
2411.79	1.79E-81
2418.74	1.57E-81
2425.72	1.37E-81
2432.71	1.20E-81
2439.72	1.05E-81
2446.75	9.24E-82
2453.8	8.11E-82
2460.88	7.12E-82
2467.97	6.25E-82
2475.08	5.49E-82
2482.22	4.82E-82
2489.37	4.24E-82
2496.55	3.72E-82
2503.74	3.27E-82
2510.96	2.88E-82
2518.2	2.53E-82
2525.46	2.23E-82
2532.74	1.96E-82
2540.04	1.73E-82
2547.36	1.52E-82
2554.7	1.34E-82
2562.06	1.18E-82
2569.45	1.04E-82
2576.85	9.21E-83
2584.28	8.13E-83
2591.73	7.18E-83
2599.2	6.34E-83
2606.69	5.60E-83
2614.21	4.95E-83
2621.74	4.37E-83
2629.3	3.87E-83
2636.88	3.42E-83
2644.48	3.02E-83
2652.1	2.68E-83
2659.74	2.37E-83
2667.41	2.10E-83
2675.1	1.86E-83
2682.81	1.65E-83
2690.54	1.46E-83
2698.3	1.29E-83
2706.08	1.15E-83
2713.88	1.02E-83
2721.7	9.03E-84
2729.54	8.02E-84
2737.41	7.12E-84
2745.3	6.33E-84
2753.21	5.62E-84
2761.15	5.00E-84
2769.11	4.44E-84
2777.09	3.95E-84
2785.09	3.51E-84
2793.12	3.13E-84
2801.17	2.78E-84
2809.25	2.48E-84
2817.34	2.21E-84
2825.46	1.97E-84
2833.61	1.75E-84
2841.78	1.56E-84
2849.97	1.39E-84
2858.18	1.24E-84
2866.42	1.11E-84
2874.68	9.89E-85
2882.97	8.84E-85
2891.28	7.91E-85
2899.61	7.14E-85
2907.97	6.63E-85
2916.35	6.79E-85
2924.76	9.07E-85
2933.19	1.84E-84
2941.64	5.16E-84
2950.12	1.65E-83
2958.62	5.49E-83
2967.15	1.83E-82
2975.7	6.07E-82
2984.28	2.00E-81
2992.88	6.55E-81
3001.51	2.13E-80
3010.16	6.88E-80
3018.84	2.21E-79
3027.54	7.02E-79
3036.27	2.22E-78
3045.02	6.97E-78
3053.79	2.17E-77
3062.6	6.73E-77
3071.42	2.07E-76
3080.28	6.32E-76
3089.16	1.92E-75
3098.06	5.77E-75
3106.99	1.73E-74
3115.95	5.14E-74
3124.93	1.52E-73
3133.93	4.45E-73
3142.97	1.30E-72
3152.03	3.76E-72
3161.11	1.08E-71
3170.22	3.10E-71
3179.36	8.80E-71
3188.53	2.48E-70
3197.72	6.97E-70
3206.93	1.94E-69
3216.18	5.39E-69
3225.45	1.48E-68
3234.74	4.06E-68
3244.07	1.10E-67
3253.42	2.99E-67
3262.8	8.03E-67
3272.2	2.14E-66
3281.63	5.69E-66
3291.09	1.50E-65
3300.58	3.94E-65
3310.09	1.03E-64
3319.63	2.67E-64
3329.2	6.88E-64
3338.8	1.77E-63
3348.42	4.50E-63
3358.07	1.14E-62
3367.75	2.88E-62
3377.46	7.21E-62
3387.19	1.80E-61
3396.96	4.45E-61
3406.75	1.10E-60
3416.57	2.69E-60
3426.41	6.56E-60
3436.29	1.59E-59
3446.2	3.84E-59
3456.13	9.20E-59
3466.09	2.20E-58
3476.08	5.21E-58
3486.1	1.23E-57
3496.15	2.89E-57
3506.23	6.76E-57
3516.33	1.57E-56
3526.47	3.63E-56
3536.63	8.36E-56
3546.83	1.91E-55
3557.05	4.36E-55
3567.3	9.87E-55
3577.58	2.23E-54
3587.9	4.99E-54
3598.24	1.11E-53
3608.61	2.48E-53
3619.01	5.48E-53
3629.44	1.20E-52
3639.9	2.64E-52
3650.4	5.75E-52
3660.92	1.25E-51
3671.47	2.69E-51
3682.05	5.78E-51
3692.66	1.24E-50
3703.31	2.63E-50
3713.98	5.57E-50
3724.69	1.18E-49
3735.42	2.47E-49
3746.19	5.16E-49
3756.99	1.07E-48
3767.82	2.22E-48
3778.68	4.58E-48
3789.57	9.40E-48
3800.49	1.92E-47
3811.45	3.91E-47
3822.43	7.92E-47
3833.45	1.60E-46
3844.5	3.21E-46
3855.58	6.41E-46
3866.69	1.28E-45
3877.84	2.53E-45
3889.02	5.00E-45
3900.23	9.83E-45
3911.47	1.93E-44
3922.74	3.75E-44
3934.05	7.29E-44
3945.39	1.41E-43
3956.76	2.72E-43
3968.17	5.21E-43
3979.6	9.96E-43
3991.07	1.90E-42
4002.58	3.59E-42
4014.12	6.78E-42
4025.69	1.28E-41
4037.29	2.39E-41
4048.93	4.46E-41
4060.6	8.30E-41
4072.3	1.54E-40
4084.04	2.83E-40
4095.81	5.21E-40
4107.62	9.54E-40
4119.46	1.74E-39
4131.33	3.16E-39
4143.24	5.73E-39
4155.18	1.03E-38
4167.16	1.86E-38
4179.17	3.33E-38
4191.21	5.94E-38
4203.3	1.06E-37
4215.41	1.87E-37
4227.56	3.31E-37
4239.75	5.82E-37
4251.97	1.02E-36
4264.22	1.78E-36
4276.51	3.10E-36
4288.84	5.39E-36
4301.2	9.32E-36
4313.6	1.61E-35
4326.03	2.76E-35
4338.5	4.72E-35
4351.01	8.06E-35
4363.55	1.37E-34
4376.13	2.32E-34
4388.74	3.93E-34
4401.39	6.61E-34
4414.08	1.11E-33
4426.8	1.86E-33
4439.56	3.10E-33
4452.36	5.15E-33
4465.19	8.54E-33
4478.06	1.41E-32
4490.97	2.32E-32
4503.91	3.81E-32
4516.89	6.24E-32
4529.91	1.02E-31
4542.97	1.66E-31
4556.06	2.69E-31
4569.2	4.35E-31
4582.37	7.01E-31
4595.58	1.13E-30
4608.82	1.81E-30
4622.11	2.89E-30
4635.43	4.60E-30
4648.79	7.31E-30
4662.19	1.16E-29
4675.63	1.83E-29
4689.1	2.88E-29
4702.62	4.52E-29
4716.17	7.08E-29
4729.77	1.11E-28
4743.4	1.72E-28
4757.07	2.68E-28
4770.79	4.15E-28
4784.54	6.40E-28
4798.33	9.87E-28
4812.16	1.52E-27
4826.03	2.32E-27
4839.94	3.55E-27
4853.89	5.41E-27
4867.88	8.22E-27
4881.91	1.25E-26
4895.98	1.89E-26
4910.09	2.84E-26
4924.25	4.28E-26
4938.44	6.42E-26
4952.68	9.61E-26
4966.95	1.43E-25
4981.27	2.14E-25
4995.63	3.17E-25
5010.02	4.70E-25
5024.47	6.95E-25
5038.95	1.02E-24
5053.47	1.51E-24
5068.04	2.21E-24
5082.65	3.24E-24
5097.3	4.73E-24
5111.99	6.89E-24
5126.72	1.00E-23
5141.5	1.45E-23
5156.32	2.10E-23
5171.18	3.03E-23
5186.09	4.36E-23
5201.04	6.27E-23
5216.03	8.98E-23
5231.06	1.28E-22
5246.14	1.83E-22
5261.26	2.61E-22
5276.43	3.71E-22
5291.63	5.25E-22
5306.89	7.43E-22
5322.18	1.05E-21
5337.52	1.48E-21
5352.91	2.07E-21
5368.34	2.91E-21
5383.81	4.07E-21
5399.33	5.68E-21
5414.89	7.91E-21
5430.5	1.10E-20
5446.15	1.52E-20
5461.85	2.11E-20
5477.59	2.92E-20
5493.38	4.02E-20
5509.22	5.53E-20
5525.1	7.60E-20
5541.02	1.04E-19
5556.99	1.42E-19
5573.01	1.94E-19
5589.07	2.65E-19
5605.18	3.60E-19
5621.34	4.88E-19
5637.54	6.61E-19
5653.79	8.94E-19
5670.09	1.21E-18
5686.43	1.62E-18
5702.82	2.18E-18
5719.26	2.93E-18
5735.75	3.92E-18
5752.28	5.24E-18
5768.86	6.99E-18
5785.49	9.30E-18
5802.16	1.24E-17
5818.89	1.64E-17
5835.66	2.17E-17
5852.48	2.87E-17
5869.35	3.79E-17
5886.27	4.99E-17
5903.23	6.56E-17
5920.25	8.61E-17
5937.31	1.13E-16
5954.43	1.48E-16
5971.59	1.93E-16
5988.8	2.51E-16
6006.06	3.27E-16
6023.37	4.25E-16
6040.74	5.51E-16
6058.15	7.13E-16
6075.61	9.22E-16
6093.12	1.19E-15
6110.68	1.53E-15
6128.3	1.97E-15
6145.96	2.53E-15
6163.68	3.25E-15
6181.44	4.16E-15
6199.26	5.32E-15
6217.13	6.78E-15
6235.05	8.64E-15
6253.02	1.10E-14
6271.04	1.40E-14
6289.12	1.77E-14
6307.25	2.24E-14
6325.43	2.84E-14
6343.66	3.58E-14
6361.94	4.51E-14
6380.28	5.68E-14
6398.67	7.14E-14
6417.12	8.96E-14
6435.61	1.12E-13
6454.16	1.40E-13
6472.77	1.76E-13
6491.42	2.19E-13
6510.13	2.73E-13
6528.9	3.40E-13
6547.72	4.22E-13
6566.59	5.23E-13
6585.52	6.48E-13
6604.5	8.02E-13
6623.54	9.91E-13
6642.63	1.22E-12
6661.77	1.51E-12
6680.98	1.85E-12
6700.23	2.28E-12
6719.55	2.80E-12
6738.91	3.43E-12
6758.34	4.19E-12
6777.82	5.13E-12
6797.35	6.26E-12
6816.95	7.63E-12
6836.6	9.29E-12
6856.3	1.13E-11
6876.06	1.37E-11
6895.88	1.66E-11
6915.76	2.02E-11
6935.69	2.44E-11
6955.68	2.95E-11
6975.73	3.56E-11
6995.84	4.29E-11
7016	5.16E-11
7036.23	6.21E-11
7056.51	7.45E-11
7076.85	8.94E-11
7097.25	1.07E-10
7117.7	1.28E-10
7138.22	1.53E-10
7158.79	1.83E-10
7179.43	2.18E-10
7200.12	2.60E-10
7220.88	3.09E-10
7241.69	3.68E-10
7262.56	4.36E-10
7283.5	5.18E-10
7304.49	6.13E-10
7325.54	7.25E-10
7346.66	8.57E-10
7367.83	1.01E-09
7389.07	1.19E-09
7410.37	1.41E-09
7431.73	1.65E-09
7453.15	1.95E-09
7474.63	2.28E-09
7496.18	2.68E-09
7517.78	3.14E-09
7539.45	3.67E-09
7561.19	4.30E-09
7582.98	5.02E-09
7604.84	5.86E-09
7626.76	6.83E-09
7648.74	7.95E-09
7670.79	9.25E-09
7692.9	1.08E-08
7715.07	1.25E-08
7737.31	1.45E-08
7759.61	1.68E-08
7781.98	1.94E-08
7804.41	2.25E-08
7826.9	2.60E-08
7849.46	3.00E-08
7872.09	3.46E-08
7894.78	3.98E-08
7917.53	4.59E-08
7940.35	5.27E-08
7963.24	6.06E-08
7986.19	6.96E-08
8009.21	7.98E-08
8032.3	9.14E-08
8055.45	1.05E-07
8078.67	1.20E-07
8101.96	1.37E-07
8125.31	1.56E-07
8148.73	1.78E-07
8172.22	2.03E-07
8195.77	2.31E-07
8219.4	2.63E-07
8243.09	2.99E-07
8266.85	3.40E-07
8290.67	3.86E-07
8314.57	4.37E-07
8338.54	4.95E-07
8362.57	5.61E-07
8386.68	6.34E-07
8410.85	7.17E-07
8435.09	8.10E-07
8459.41	9.14E-07
8483.79	1.03E-06
8508.24	1.16E-06
8532.77	1.31E-06
8557.36	1.47E-06
8582.03	1.65E-06
8606.76	1.85E-06
8631.57	2.08E-06
8656.45	2.33E-06
8681.4	2.61E-06
8706.43	2.93E-06
8731.52	3.27E-06
8756.69	3.66E-06
8781.93	4.09E-06
8807.24	4.57E-06
8832.63	5.09E-06
8858.09	5.68E-06
8883.62	6.32E-06
8909.22	7.04E-06
8934.9	7.83E-06
8960.66	8.70E-06
8986.49	9.67E-06
9012.39	1.07E-05
9038.36	1.19E-05
9064.42	1.32E-05
9090.54	1.46E-05
9116.75	1.62E-05
9143.02	1.79E-05
9169.38	1.98E-05
9195.81	2.19E-05
9222.31	2.42E-05
9248.9	2.67E-05
9275.55	2.94E-05
9302.29	3.24E-05
9329.1	3.57E-05
9355.99	3.93E-05
9382.96	4.33E-05
9410.01	4.76E-05
9437.13	5.24E-05
9464.33	5.75E-05
9491.61	6.32E-05
9518.97	6.94E-05
9546.41	7.62E-05
9573.92	8.36E-05
9601.52	9.18E-05
9629.19	0.00010067
9656.95	0.000110405
9684.78	0.000121063
9712.7	0.000132736
9740.69	0.000145525
9768.77	0.000159546
9796.93	0.000174926
9825.17	0.000191806
9853.49	0.000210347
9881.89	0.000230728
9910.37	0.000253149
9938.94	0.000277836
9967.58	0.00030504
9996.31	0.000335046
10025.1	0.000368172
10054	0.000404774
10083	0.000445255
10112.1	0.000490062
10141.2	0.000539698
10170.4	0.000594727
10199.8	0.000655777
10229.2	0.000723551
10258.6	0.000798829
10288.2	0.000882484
10317.9	0.000975482
10347.6	0.001078896
10377.4	0.001193913
10407.3	0.001321846
10437.3	0.001464139
10467.4	0.001622386
10497.6	0.001798332
10527.9	0.001993891
10558.2	0.002211154
10588.6	0.0024524
10619.2	0.00272011
10649.8	0.003016972
10680.5	0.003345897
10711.2	0.003710028
10742.1	0.004112747
10773.1	0.004557688
10804.1	0.005048739
10835.3	0.005590057
10866.5	0.006186066
10897.8	0.006841465
10929.2	0.007561229
10960.7	0.008350615
10992.3	0.009215153
11024	0.010160647
11055.8	0.011193173
11087.7	0.012319061
11119.6	0.013544895
11151.7	0.014877489
11183.8	0.016323884
11216	0.017891305
11248.4	0.019587168
11280.8	0.021419021
11313.3	0.023394536
11345.9	0.025521475
11378.6	0.027807619
11411.4	0.030260781
11444.3	0.032888692
11477.3	0.035699018
11510.4	0.03869925
11543.6	0.041896695
11576.8	0.045298349
11610.2	0.048910907
11643.7	0.052740646
11677.2	0.056793332
11710.9	0.061074244
11744.6	0.065587946
11778.5	0.070338316
11812.4	0.075328543
11846.5	0.080560777
11880.6	0.086036373
11914.9	0.091755587
11949.2	0.097717615
11983.7	0.103920555
12018.2	0.110361205
12052.9	0.117035206
12087.6	0.12393694
12122.4	0.131059352
12157.4	0.138394232
12192.4	0.145932033
12227.6	0.153661993
12262.8	0.161572039
12298.2	0.169649197
12333.6	0.177879206
12369.2	0.186247026
12404.8	0.194736975
12440.6	0.203332506
12476.4	0.2120168
12512.4	0.2207726
12548.4	0.229582806
12584.6	0.238430342
12620.9	0.247298417
12657.3	0.25617089
12693.7	0.265032209
12730.3	0.273867951
12767	0.282664736
12803.8	0.291410328
12840.7	0.300094088
12877.7	0.308706553
12914.9	0.317240288
12952.1	0.325689406
12989.4	0.334049767
13026.9	0.342319164
13064.4	0.350497207
13102.1	0.358585071
13139.8	0.366586286
13177.7	0.374506083
13215.7	0.382351221
13253.8	0.390130052
13292	0.397853039
13330.3	0.405532817
13368.7	0.413182133
13407.3	0.420816916
13445.9	0.428452984
13484.7	0.436107974
13523.5	0.443801451
13562.5	0.45155348
13601.6	0.459385351
13640.8	0.467319235
13680.1	0.475377704
13719.6	0.48358451
13759.1	0.491964072
13798.8	0.500540522
13838.5	0.509338507
13878.4	0.5183822
13918.4	0.527696014
13958.5	0.537303569
13998.8	0.547227864
14039.1	0.557491107
14079.6	0.568113182
14120.2	0.579113186
14160.9	0.590507484
14201.7	0.602310768
14242.6	0.614534736
14283.7	0.627188376
14324.8	0.640278561
14366.1	0.653805977
14407.5	0.667771293
14449.1	0.68216993
14490.7	0.696993806
14532.5	0.712232853
14574.4	0.72787201
14616.4	0.743894805
14658.5	0.760280735
14700.8	0.777008695
14743.1	0.794054072
14785.6	0.81139376
14828.2	0.828999553
14871	0.846845812
14913.9	0.864905355
14956.8	0.883151439
15000	0.90155894
15043.2	0.92010154
15086.5	0.938753382
15130	0.957493672
15173.6	0.976297789
15217.4	0.995145481
15261.2	1.01401887
15305.2	1.032897354
15349.3	1.051766067
15393.6	1.070609137
15438	1.089410044
15482.5	1.108160416
15527.1	1.126845032
15571.8	1.145455386
15616.7	1.163979807
15661.7	1.182413161
15706.9	1.200745084
15752.2	1.218971403
15797.6	1.237084
15843.1	1.255078619
15888.8	1.272951575
15934.6	1.290697853
15980.5	1.308315498
16026.5	1.325800746
16072.7	1.34315273
16119.1	1.360367508
16165.5	1.377444774
16212.1	1.394384721
16258.9	1.411184987
16305.7	1.427845944
16352.7	1.444366789
16399.8	1.460747832
16447.1	1.476989303
16494.5	1.493091716
16542.1	1.509056489
16589.8	1.524882372
16637.6	1.540573748
16685.5	1.556127569
16733.6	1.571549181
16781.9	1.586837415
16830.2	1.601994681
16878.7	1.61702193
16927.4	1.631922134
16976.2	1.646695045
17025.1	1.661343389
17074.2	1.675869017
17123.4	1.690273844
17172.8	1.704559841
17222.2	1.718729031
17271.9	1.732783484
17321.7	1.746725318
17371.6	1.76055669
17421.7	1.7742798
17471.9	1.787896885
17522.3	1.801410214
17572.8	1.814822093
17623.4	1.828134858
17674.2	1.841350873
17725.1	1.854472532
17776.2	1.867502254
17827.5	1.880442482
17878.9	1.893295681
17930.4	1.906064338
17982.1	1.918750957
18033.9	1.93135806
18085.9	1.943888182
18138	1.95634387
18190.3	1.968727681
18242.7	1.98104218
18295.3	1.993289934
18348	2.005473511
18400.9	2.017595478
18454	2.029658394
18507.2	2.04166481
18560.5	2.053617261
18614	2.065518268
18667.7	2.077370324
18721.5	2.089175901
18775.4	2.100937434
18829.5	2.112657324
18883.8	2.124337928
18938.3	2.135981558
18992.8	2.14759047
19047.6	2.159166862
19102.5	2.170712868
19157.5	2.18223055
19212.8	2.193721895
19268.1	2.205188805
19323.7	2.216633096
19379.4	2.228056486
19435.2	2.239460595
19491.3	2.250846934
19547.4	2.262216904
19603.8	2.273571787
19660.3	2.28491274
19717	2.296240793
19773.8	2.307556842
19830.8	2.318861646
19887.9	2.33015582
19945.3	2.341439834
20002.8	2.352714005
20060.4	2.363978502
20118.2	2.375233336
20176.2	2.386478359
20234.4	2.397713266
20292.7	2.408937592
20351.2	2.420150711
20409.9	2.431351835
20468.7	2.442540019
20527.7	2.453714158
20586.8	2.464872989
20646.2	2.4760151
20705.7	2.487138923
20765.4	2.498242746
20825.2	2.509324715
20885.3	2.520382836
20945.5	2.531414987
21005.8	2.542418916
21066.4	2.553392255
21127.1	2.564332524
21188	2.575237138
21249.1	2.586103416
21310.3	2.596928589
21371.7	2.607709812
21433.3	2.618444168
21495.1	2.629128681
21557.1	2.639760325
21619.2	2.650336034
21681.5	2.660852713
21744	2.671307244
21806.7	2.681696504
21869.6	2.692017366
21932.6	2.702266717
21995.8	2.712441463
22059.2	2.722538541
22122.8	2.732554928
22186.6	2.742487651
22250.5	2.752333797
22314.6	2.762090517
22379	2.77175504
22443.5	2.781324679
22508.2	2.790796835
22573	2.80016901
22638.1	2.809438806
22703.3	2.818603939
22768.8	2.827662235
22834.4	2.836611641
22900.2	2.845450225
22966.2	2.854176183
23032.4	2.862787835
23098.8	2.871283632
23165.4	2.879662154
23232.2	2.887922111
23299.1	2.896062342
23366.3	2.904081812
23433.6	2.911979613
23501.2	2.919754956
23568.9	2.927407174
23636.9	2.93493571
23705	2.942340118
23773.3	2.949620053
23841.8	2.956775268
23910.6	2.963805604
23979.5	2.970710984
24048.6	2.977491403
24117.9	2.984146922
24187.4	2.990677658
24257.2	2.997083771
24327.1	3.003365462
24397.2	3.009522954
24467.5	3.015556486
24538	3.021466303
24608.8	3.027252645
24679.7	3.032915734
24750.8	3.038455765
24822.2	3.043872895
24893.7	3.049167231
24965.5	3.054338823
25037.4	3.05938765
25109.6	3.064313613
25182	3.069116521
25254.6	3.073796089
25327.4	3.07835192
25400.4	3.082783507
25473.6	3.087090216
25547	3.091271285
25620.6	3.095325815
25694.5	3.099252767
25768.5	3.103050951
25842.8	3.10671903
25917.3	3.11025551
25992	3.11365874
26066.9	3.116926911
26142.1	3.120058053
26217.4	3.123050037
26293	3.125900575
26368.8	3.12860722
26444.8	3.131167373
26521	3.13357828
26597.4	3.135837043
26674.1	3.13794062
26751	3.139885833
26828.1	3.141669374
26905.4	3.143287814
26983	3.144737609
27060.8	3.146015107
27138.8	3.147116563
27217	3.148038145
27295.4	3.148775943
27374.1	3.149325985
27453	3.149684242
27532.1	3.149846645
27611.5	3.149809094
27691.1	3.149567473
27770.9	3.149117657
27850.9	3.148455533
27931.2	3.147577005
28011.7	3.146478009
28092.5	3.14515453
28173.4	3.143602609
28254.6	3.141818358
28336.1	3.139797973
28417.8	3.137537744
28499.7	3.135034071
28581.8	3.13228347
28664.2	3.12928259
28746.8	3.12602822
28829.7	3.122517302
28912.8	3.118746938
28996.1	3.114714403
29079.7	3.110417153
29163.5	3.105852832
29247.6	3.101019282
29331.9	3.09591455
29416.4	3.090536894
29501.2	3.08488479
29586.2	3.078956939
29671.5	3.07275227
29757	3.066269944
29842.8	3.059509361
29928.8	3.05247016
30015.1	3.045152226
30101.6	3.037555686
30188.4	3.029680914
30275.4	3.021528534
30362.7	3.013099416
30450.2	3.004394678
30537.9	2.995415684
30626	2.986164045
30714.2	2.976641615
30802.8	2.966850489
30891.6	2.956793
30980.6	2.946471717
31069.9	2.935889439
31159.5	2.925049194
31249.3	2.913954231
31339.3	2.902608017
31429.7	2.891014231
31520.3	2.879176758
31611.1	2.867099684
31702.2	2.854787291
31793.6	2.842244044
31885.3	2.829474594
31977.2	2.816483763
32069.3	2.803276539
32161.8	2.789858071
32254.5	2.776233658
32347.4	2.762408743
32440.7	2.748388906
32534.2	2.734179852
32628	2.71978741
32722	2.705217516
32816.3	2.690476214
32910.9	2.675569639
33005.8	2.660504017
33100.9	2.645285651
33196.3	2.629920915
33292	2.614416244
33388	2.59877813
33484.2	2.58301311
33580.7	2.56712776
33677.5	2.551128687
33774.6	2.535022519
33871.9	2.518815901
33969.6	2.502515485
34067.5	2.486127925
34165.7	2.469659864
34264.1	2.453117935
34362.9	2.436508749
34462	2.419838888
34561.3	2.403114901
34660.9	2.386343296
34760.8	2.369530535
34861	2.352683025
34961.5	2.335807116
35062.3	2.318909093
35163.3	2.301995173
35264.7	2.285071497
35366.3	2.268144124
35468.3	2.251219032
35570.5	2.234302108
35673	2.217399146
35775.8	2.200515841
35879	2.183657789
35982.4	2.16683048
36086.1	2.150039294
36190.1	2.133289501
36294.4	2.116586254
36399	2.099934591
36504	2.083339428
36609.2	2.066805558
36714.7	2.050337651
36820.5	2.033940248
36926.6	2.017617763
37033.1	2.00137448
37139.8	1.98521455
37246.9	1.969141992
37354.2	1.953160693
37461.9	1.937274403
37569.9	1.921486739
37678.2	1.90580118
37786.8	1.890221071
37895.7	1.874749622
38004.9	1.859389905
38114.5	1.844144858
38224.3	1.829017282
38334.5	1.814009846
38445	1.799125081
38555.8	1.78436539
38666.9	1.769733039
38778.4	1.755230164
38890.2	1.740858774
39002.3	1.726620744
39114.7	1.712517827
39227.4	1.698551646
39340.5	1.684723703
39453.9	1.671035376
39567.6	1.657487923
39681.7	1.644082483
39796	1.630820079
39910.7	1.617701619
40025.8	1.604727898
40141.2	1.591899603
40256.9	1.579217312
40372.9	1.566681495
40489.3	1.554292524
40606	1.542050666
40723	1.529956092
40840.4	1.518008876
40958.1	1.506209001
41076.2	1.494556357
41194.6	1.483050747
41313.3	1.471691891
41432.4	1.460479422
41551.8	1.449412898
41671.6	1.438491797
41791.7	1.427715521
41912.1	1.417083405
42033	1.40659471
42154.1	1.396248634
42275.6	1.386044309
42397.5	1.375980807
42519.7	1.366057141
42642.2	1.356272269
42765.1	1.346625096
42888.4	1.337114474
43012	1.327739209
43136	1.318498063
43260.3	1.309389751
43385	1.300412951
43510.1	1.291566301
43635.5	1.282848404
43761.3	1.27425783
43887.4	1.265793117
44013.9	1.257452775
44140.8	1.249235287
44268	1.241139112
44395.6	1.233162687
44523.6	1.225304429
44651.9	1.217562736
44780.6	1.209935991
44909.7	1.202422562
45039.1	1.195020805
45168.9	1.187729066
45299.1	1.180545682
45429.7	1.173468983
45560.6	1.166497294
45692	1.159628937
45823.7	1.15286223
45955.8	1.146195492
46088.2	1.139627042
46221.1	1.133155203
46354.3	1.126778299
46487.9	1.120494661
46621.9	1.114302625
46756.3	1.108200535
46891	1.102186744
47026.2	1.096259612
47161.7	1.090417512
47297.7	1.084658828
47434	1.078981957
47570.7	1.073385306
47707.9	1.067867301
47845.4	1.062426379
47983.3	1.057060995
48121.6	1.051769619
48260.3	1.046550739
48399.4	1.04140286
48538.9	1.036324505
48678.8	1.031314215
48819.1	1.026370551
48959.8	1.021492094
49100.9	1.016677444
49242.5	1.01192522
49384.4	1.007234065
49526.8	1.00260264
49669.5	0.998029627
49812.7	0.993513731
49956.3	0.989053678
50100.2	0.984648214
50244.7	0.98029611
50389.5	0.975996155
50534.7	0.971747162
50680.4	0.967547967
50826.5	0.963397425
50973	0.959294416
51119.9	0.95523784
51267.2	0.951226619
51415	0.947259697
51563.2	0.943336041
51711.8	0.939454638
51860.9	0.935614497
52010.4	0.931814647
52160.3	0.928054141
52310.6	0.924332051
52461.4	0.92064747
52612.6	0.916999512
52764.3	0.91338731
52916.3	0.909810019
53068.9	0.906266814
53221.8	0.902756888
53375.2	0.899279454
53529.1	0.895833745
53683.4	0.892419012
53838.1	0.889034525
53993.3	0.885679572
54148.9	0.88235346
54305	0.879055512
54461.5	0.87578507
54618.5	0.872541493
54775.9	0.869324157
54933.8	0.866132452
55092.2	0.862965788
55251	0.85982359
55410.2	0.856705296
55569.9	0.853610362
55730.1	0.850538259
55890.7	0.847488472
56051.8	0.8444605
56213.4	0.841453856
56375.4	0.838468068
56537.9	0.835502677
56700.9	0.832557237
56864.3	0.829631314
57028.2	0.826724489
57192.6	0.823836353
57357.5	0.820966511
57522.8	0.818114577
57688.6	0.815280178
57854.9	0.812462954
58021.6	0.809662553
58188.9	0.806878635
58356.6	0.80411087
58524.8	0.801358938
58693.5	0.798622529
58862.7	0.795901343
59032.3	0.793195088
59202.5	0.790503482
59373.1	0.787826252
59544.3	0.785163133
59715.9	0.782513868
59888	0.77987821
60060.6	0.777255917
60233.7	0.774646757
60407.4	0.772050504
60581.5	0.76946694
60756.1	0.766895854
60931.2	0.764337041
61106.8	0.761790303
61283	0.759255449
61459.6	0.756732293
61636.8	0.754220656
61814.4	0.751720365
61992.6	0.749231252
62171.3	0.746753153
62350.5	0.744285913
62530.2	0.741829379
62710.4	0.739383404
62891.2	0.736947845
63072.5	0.734522566
63254.3	0.732107434
63436.6	0.729702318
63619.4	0.727307096
63802.8	0.724921646
63986.7	0.722545853
64171.2	0.720179602
64356.1	0.717822787
64541.6	0.715475299
64727.7	0.713137039
64914.2	0.710807907
65101.3	0.708487808
65289	0.706176649
65477.2	0.70387434
65665.9	0.701580796
65855.2	0.699295933
66045	0.697019668
66235.4	0.694751924
66426.3	0.692492625
66617.7	0.690241698
66809.8	0.687999069
67002.3	0.685764672
67195.5	0.683538438
67389.1	0.681320303
67583.4	0.679110204
67778.2	0.67690808
67973.5	0.674713872
68169.5	0.672527522
68366	0.670348975
68563	0.668178177
68760.6	0.666015076
68958.8	0.663859619
69157.6	0.661711759
69356.9	0.659571447
69556.8	0.657438637
69757.3	0.655313282
69958.4	0.653195339
70160	0.651084765
70362.3	0.648981518
70565.1	0.646885558
70768.5	0.644796844
70972.5	0.642715339
71177	0.640641004
71382.2	0.638573803
71587.9	0.6365137
71794.3	0.63446066
72001.2	0.632414649
72208.8	0.630375634
72416.9	0.628343582
72625.6	0.626318461
72835	0.62430024
73044.9	0.622288888
73255.4	0.620284377
73466.6	0.618286676
73678.3	0.616295756
73890.7	0.61431159
74103.7	0.61233415
74317.3	0.610363409
74531.5	0.608399341
74746.3	0.606441919
74961.8	0.604491117
75177.8	0.602546911
75394.5	0.600609275
75611.9	0.598678185
75829.8	0.596753617
76048.4	0.594835548
76267.6	0.592923953
76487.4	0.591018809
76707.9	0.589120095
76929	0.587227786
77150.7	0.585341862
77373.1	0.5834623
77596.1	0.581589078
77819.8	0.579722176
78044.1	0.577861571
78269	0.576007242
78494.6	0.57415917
78720.9	0.572317333
78947.8	0.57048171
79175.3	0.568652282
79403.5	0.566829028
79632.4	0.565011929
79861.9	0.563200964
80092.1	0.561396114
80323	0.55959736
80554.5	0.557804682
80786.7	0.55601806
81019.6	0.554237476
81253.1	0.552462911
81487.3	0.550694346
81722.2	0.548931761
81957.7	0.547175138
82194	0.545424459
82430.9	0.543679705
82668.5	0.541940857
82906.7	0.540207897
83145.7	0.538480806
83385.4	0.536759567
83625.7	0.535044161
83866.8	0.53333457
84108.5	0.531630776
84350.9	0.52993276
84594.1	0.528240506
84837.9	0.526553994
85082.4	0.524873207
85327.7	0.523198128
85573.6	0.521528737
85820.3	0.519865019
86067.6	0.518206954
86315.7	0.516554525
86564.5	0.514907715
86814	0.513266506
87064.3	0.51163088
87315.2	0.51000082
87566.9	0.508376308
87819.3	0.506757326
88072.4	0.505143858
88326.3	0.503535886
88580.9	0.501933391
88836.2	0.500336358
89092.2	0.498744769
89349	0.497158605
89606.6	0.49557785
89864.9	0.494002487
90123.9	0.492432499
90383.6	0.490867867
90644.2	0.489308574
90905.4	0.487754605
91167.5	0.48620594
91430.2	0.484662564
91693.8	0.483124459
91958.1	0.481591607
92223.1	0.480063992
92489	0.478541597
92755.5	0.477024404
93022.9	0.475512396
93291	0.474005556
93559.9	0.472503868
93829.6	0.471007314
94100.1	0.469515878
94371.3	0.468029541
94643.3	0.466548288
94916.1	0.465072101
95189.7	0.463600964
95464.1	0.462134859
95739.2	0.46067377
96015.2	0.45921768
96291.9	0.457766571
96569.5	0.456320428
96847.8	0.454879233
97127	0.45344297
97406.9	0.452011622
97687.7	0.450585172
97969.3	0.449163603
98251.7	0.447746899
98534.9	0.446335044
98818.9	0.44492802
99103.7	0.44352581
99389.4	0.442128399
99675.8	0.44073577
99963.1	0.439347907
100251	0.437964792
100540	0.436586409
100830	0.435212742
101121	0.433843775
101412	0.432479491
101704	0.431119873
101998	0.429764906
102292	0.428414573
102586	0.427068858
102882	0.425727745
103179	0.424391217
103476	0.423059258
103774	0.421731853
104073	0.420408984
104373	0.419090637
104674	0.417776794
104976	0.416467441
105279	0.41516256
105582	0.413862136
105886	0.412566153
106192	0.411274596
106498	0.409987448
106805	0.408704693
107112	0.407426316
107421	0.406152302
107731	0.404882633
108041	0.403617296
108353	0.402356273
108665	0.401099551
108978	0.399847112
109292	0.398598941
109607	0.397355024
109923	0.396115345
110240	0.394879887
110558	0.393648637
110877	0.392421578
111196	0.391198695
111517	0.389979973
111838	0.388765398
112160	0.387554953
112484	0.386348624
112808	0.385146395
113133	0.383948252
113459	0.38275418
113786	0.381564163
114114	0.380378187
114443	0.379196236
114773	0.378018297
115104	0.376844355
115436	0.375674394
115768	0.3745084
116102	0.373346358
116437	0.372188254
116772	0.371034073
117109	0.3698838
117446	0.368737422
117785	0.367594924
118124	0.366456291
118465	0.365321509
118806	0.364190564
119149	0.363063442
119492	0.361940128
119837	0.360820608
120182	0.359704868
120529	0.358592894
120876	0.357484673
121224	0.356380189
121574	0.35527943
121924	0.354182381
122276	0.353089029
122628	0.351999359
122982	0.350913358
123336	0.349831013
123692	0.348752309
124048	0.347677233
124406	0.346605772
124764	0.345537912
125124	0.344473639
