114.773	1.825573971
115.104	1.834917761
115.436	1.844150125
115.768	1.85326996
116.102	1.862276235
116.437	1.871167988
116.772	1.87994433
117.109	1.888604441
117.446	1.897147576
117.785	1.90557306
118.124	1.91388029
118.465	1.922068733
118.806	1.930137931
119.149	1.938087495
119.492	1.945917109
119.837	1.953626528
120.182	1.961215578
120.529	1.968684156
120.876	1.97603223
121.224	1.983259837
121.574	1.990367087
121.924	1.997354157
122.276	2.004221295
122.628	2.01096882
122.982	2.017597118
123.336	2.024106644
123.692	2.030497924
124.048	2.03677155
124.406	2.042928184
124.764	2.048968556
125.124	2.054893464
125.484	2.060703777
125.846	2.066400427
126.209	2.071984421
126.573	2.077456829
126.937	2.082818793
127.303	2.088071525
127.67	2.093216305
128.038	2.098254484
128.407	2.103187483
128.777	2.108016797
129.149	2.112743991
129.521	2.117370704
129.894	2.121898651
130.269	2.126329621
130.644	2.13066548
131.021	2.134908175
131.398	2.139059729
131.777	2.143122251
132.157	2.147097931
132.538	2.150989047
132.92	2.154797964
133.303	2.158527136
133.687	2.162179115
134.073	2.165756544
134.459	2.169262168
134.847	2.172698833
135.235	2.176069491
135.625	2.179377203
136.016	2.182625144
136.408	2.185816604
136.801	2.188954996
137.196	2.192043857
137.591	2.195086855
137.988	2.198087793
138.385	2.201050614
138.784	2.203979405
139.184	2.206878404
139.585	2.209752007
139.988	2.212604769
140.391	2.215441413
140.796	2.218266839
141.202	2.221086122
141.609	2.223904527
142.017	2.226727509
142.426	2.229560723
142.837	2.232410028
143.248	2.235281494
143.661	2.23818141
144.075	2.241116286
144.491	2.244092864
144.907	2.247118117
145.325	2.250199261
145.744	2.253343754
146.164	2.256559303
146.585	2.259853868
147.008	2.263235663
147.431	2.266713156
147.856	2.270295075
148.282	2.2739904
148.71	2.27780837
149.139	2.281758469
149.568	2.28585043
150	2.290094221
150.432	2.294500039
150.865	2.299078294
151.3	2.303839598
151.736	2.308794745
152.174	2.313954687
152.612	2.319330512
153.052	2.324933416
153.493	2.330774662
153.936	2.33686555
154.38	2.343217369
154.825	2.349841347
155.271	2.356748601
155.718	2.363950072
156.167	2.371456459
156.617	2.379278147
157.069	2.387425125
157.522	2.395906898
157.976	2.404732393
158.431	2.413909857
158.888	2.423446748
159.346	2.433349619
159.805	2.443623997
160.265	2.454274249
160.727	2.465303456
161.191	2.47671327
161.655	2.488503769
162.121	2.50067332
162.589	2.513218429
163.057	2.5261336
163.527	2.539411193
163.998	2.553041294
164.471	2.567011585
164.945	2.581307235
165.421	2.595910798
165.898	2.610802135
166.376	2.625958354
166.855	2.641353777
167.336	2.656959939
167.819	2.672745613
168.302	2.688676875
168.787	2.704717207
169.274	2.72082764
169.762	2.736966937
170.251	2.75309182
170.742	2.769157244
171.234	2.785116697
171.728	2.800922556
172.222	2.816526464
172.719	2.831879741
173.217	2.846933817
173.716	2.86164068
174.217	2.875953328
174.719	2.88982623
175.223	2.903215764
175.728	2.91608064
176.234	2.928382301
176.742	2.940085277
177.251	2.951157502
177.762	2.961570578
178.275	2.971299987
178.789	2.98032524
179.304	2.988629971
179.821	2.996201968
180.339	3.003033148
180.859	3.009119475
181.38	3.014460827
181.903	3.01906082
182.427	3.02292659
182.953	3.026068542
183.48	3.028500075
184.009	3.030237289
184.54	3.031298675
185.072	3.031704808
185.605	3.031478031
186.14	3.030642154
186.677	3.029222156
187.215	3.027243901
187.754	3.024733882
188.295	3.021718968
188.838	3.018226184
189.383	3.014282509
189.928	3.009914694
190.476	3.005149108
191.025	3.000011597
191.575	2.994527374
192.128	2.988720915
192.681	2.982615891
193.237	2.9762351
193.794	2.969600422
194.352	2.96273279
194.913	2.955652169
195.474	2.948377546
196.038	2.940926931
196.603	2.933317367
197.17	2.925564943
197.738	2.917684815
198.308	2.909691236
198.879	2.901597578
199.453	2.893416371
200.028	2.885159332
200.604	2.876837406
201.182	2.868460797
201.762	2.86003901
202.344	2.851580886
202.927	2.843094642
203.512	2.834587902
204.099	2.826067739
204.687	2.817540706
205.277	2.809012871
205.868	2.80048985
206.462	2.79197684
207.057	2.783478646
207.654	2.774999711
208.252	2.766544146
208.853	2.758115755
209.455	2.749718056
210.058	2.741354314
210.664	2.733027553
211.271	2.724740586
211.88	2.716496032
212.491	2.708296334
213.103	2.700143782
213.717	2.692040524
214.333	2.683988589
214.951	2.675989902
215.571	2.668046295
216.192	2.660159529
216.815	2.652331301
217.44	2.644563263
218.067	2.636857036
218.696	2.629214221
219.326	2.621636414
219.958	2.614125221
220.592	2.606682268
221.228	2.599309223
221.866	2.592007804
222.505	2.5847798
223.146	2.577627089
223.79	2.570551656
224.435	2.563555617
225.082	2.556641244
225.73	2.549811001
226.381	2.543067572
227.033	2.536413919
227.688	2.529853331
228.344	2.523389509
229.002	2.517026665
229.662	2.510769677
230.324	2.504624305
230.988	2.498597547
231.654	2.49269825
232.322	2.486938355
232.991	2.481336115
233.663	2.47593452
234.336	2.470757859
235.012	2.465747161
235.689	2.460877527
236.369	2.456133763
237.05	2.451504798
237.733	2.446981902
238.418	2.442557874
239.106	2.438226598
239.795	2.433982772
240.486	2.429821737
241.179	2.425739358
241.874	2.421731943
242.572	2.417796185
243.271	2.413929115
243.972	2.410128073
244.675	2.406390685
245.38	2.402714842
246.088	2.399098691
246.797	2.395540617
247.508	2.392039242
248.222	2.388593409
248.937	2.385202175
249.655	2.381864806
250.374	2.378580757
251.096	2.375349667
251.82	2.372171342
252.546	2.369045736
253.274	2.365972933
254.004	2.362953122
254.736	2.359986579
255.47	2.357073633
256.206	2.354214641
256.945	2.351409958
257.685	2.348659907
258.428	2.345964747
259.173	2.343324642
259.92	2.340739636
260.669	2.338209622
261.421	2.335734318
262.174	2.333313249
262.93	2.330945729
263.688	2.328630845
264.448	2.326367457
265.21	2.324154189
265.974	2.321989435
266.741	2.31987137
267.51	2.317797956
268.281	2.315766972
269.054	2.313776025
269.83	2.311822586
270.608	2.309904014
271.388	2.308017594
272.17	2.306160563
272.954	2.304330152
273.741	2.302523619
274.53	2.300738279
275.321	2.298971542
276.115	2.297220936
276.911	2.295484141
277.709	2.293759006
278.509	2.292043573
279.312	2.290336091
280.117	2.288635027
280.925	2.286939071
281.734	2.285247145
282.546	2.283558392
283.361	2.28187218
284.178	2.280188088
284.997	2.278505898
285.818	2.276825576
286.642	2.27514726
287.468	2.27347124
288.297	2.271797942
289.128	2.270127903
289.961	2.268461755
290.797	2.266800205
291.635	2.265144014
292.476	2.263493982
293.319	2.261850926
294.164	2.26021567
295.012	2.258589028
295.862	2.25697179
296.715	2.255364716
297.57	2.253768521
298.428	2.252183873
299.288	2.250611385
300.151	2.249051612
301.016	2.247505047
301.884	2.245972121
302.754	2.244453201
303.627	2.242948595
304.502	2.241458549
305.379	2.239983255
306.26	2.238522847
307.142	2.237077411
308.028	2.235646987
308.916	2.234231572
309.806	2.232831123
310.699	2.231445567
311.595	2.230074797
312.493	2.228718683
313.393	2.227377072
314.297	2.226049792
315.203	2.224736656
316.111	2.223437466
317.022	2.222152014
317.936	2.220880084
318.853	2.219621458
319.772	2.218375914
320.693	2.217143227
321.618	2.215923177
322.545	2.214715541
323.474	2.213520102
324.407	2.212336645
325.342	2.211164959
326.28	2.210004838
327.22	2.208856082
328.163	2.207718495
329.109	2.206591887
330.058	2.205476073
331.009	2.204370874
331.963	2.203276116
332.92	2.202191632
333.88	2.201117257
334.842	2.200052835
335.807	2.198998212
336.775	2.197953241
337.746	2.196917776
338.719	2.19589168
339.696	2.194874816
340.675	2.193867055
341.657	2.192868267
342.641	2.19187833
343.629	2.190897123
344.62	2.189924529
345.613	2.188960433
346.609	2.188004724
347.608	2.187057294
348.61	2.186118037
349.615	2.18518685
350.623	2.184263631
351.633	2.183348281
352.647	2.182440706
353.663	2.181540808
354.683	2.180648497
355.705	2.179763682
356.73	2.178886274
357.758	2.178016185
358.79	2.177153331
359.824	2.176297628
360.861	2.175448993
361.901	2.174607346
362.944	2.173772607
363.99	2.172944699
365.04	2.172123545
366.092	2.171309069
367.147	2.170501199
368.205	2.169699861
369.266	2.168904983
370.331	2.168116496
371.398	2.167334329
372.469	2.166558415
373.542	2.165788687
374.619	2.165025078
375.699	2.164267523
376.782	2.163515959
377.868	2.162770322
378.957	2.16203055
380.049	2.161296581
381.145	2.160568355
382.243	2.159845813
383.345	2.159128896
384.45	2.158417545
385.558	2.157711704
386.669	2.157011316
387.784	2.156316327
388.902	2.15562668
390.023	2.154942322
391.147	2.1542632
392.274	2.153589261
393.405	2.152920452
394.539	2.152256724
395.676	2.151598024
396.817	2.150944303
397.96	2.150295512
399.107	2.149651602
400.258	2.149012525
401.412	2.148378232
402.569	2.147748678
403.729	2.147123816
404.893	2.146503599
406.06	2.145887983
407.23	2.145276923
408.404	2.144670374
409.581	2.144068292
410.762	2.143470635
411.946	2.142877359
413.133	2.142288422
414.324	2.141703782
415.518	2.141123398
416.716	2.140547229
417.917	2.139975233
419.121	2.139407371
420.33	2.138843602
421.541	2.138283888
422.756	2.137728189
423.975	2.137176467
425.197	2.136628682
426.422	2.136084797
427.651	2.135544774
428.884	2.135008575
430.12	2.134476163
431.36	2.133947501
432.603	2.133422552
433.85	2.132901279
435.101	2.132383646
436.355	2.131869616
437.613	2.131359152
438.874	2.130852219
440.139	2.13034878
441.408	2.129848798
442.68	2.129352237
443.956	2.12885906
445.236	2.12836923
446.519	2.127882708
447.806	2.127399457
449.097	2.126919436
450.391	2.126442607
451.689	2.125968926
452.991	2.12549835
454.297	2.125030832
455.606	2.124566323
456.92	2.124104766
458.237	2.1236461
459.558	2.123190252
460.882	2.122737133
462.211	2.122286625
463.543	2.121838558
464.879	2.121392639
466.219	2.120948159
467.563	2.120502939
468.91	2.120064347
470.262	2.119630385
471.617	2.11920029
472.977	2.118773757
474.34	2.118350609
475.707	2.117930729
477.079	2.117514026
478.454	2.117100429
479.833	2.116689879
481.216	2.116282323
482.603	2.115877715
483.994	2.115476013
485.389	2.115077178
486.788	2.114681175
488.191	2.11428797
489.598	2.11389753
491.009	2.113509824
492.425	2.113124824
493.844	2.1127425
495.268	2.112362826
496.695	2.111985775
498.127	2.11161132
499.563	2.111239438
501.002	2.110870103
502.447	2.110503291
503.895	2.11013898
505.347	2.109777145
506.804	2.109417765
508.265	2.109060817
509.73	2.108706279
511.199	2.108354131
512.672	2.108004351
514.15	2.107656919
515.632	2.107311813
517.118	2.106969015
518.609	2.106628503
520.104	2.10629026
521.603	2.105954265
523.106	2.105620499
524.614	2.105288944
526.126	2.104959581
527.643	2.104632392
529.163	2.104307359
530.689	2.103984463
532.218	2.103663688
533.752	2.103345016
535.291	2.10302843
536.834	2.102713912
538.381	2.102401446
539.933	2.102091015
541.489	2.101782603
543.05	2.101476193
544.615	2.10117177
546.185	2.100869316
547.759	2.100568817
549.338	2.100270257
550.922	2.099973621
552.51	2.099678892
554.102	2.099386057
555.699	2.099095099
557.301	2.098806004
558.907	2.098518758
560.518	2.098233346
562.134	2.097949753
563.754	2.097667965
565.379	2.097387968
567.009	2.097109748
568.643	2.096833291
570.282	2.096558584
571.926	2.096285612
573.575	2.096014362
575.228	2.095744822
576.886	2.095476977
578.549	2.095210814
580.216	2.094946321
581.889	2.094683485
583.566	2.094422293
585.248	2.094162732
586.935	2.09390479
588.627	2.093648454
590.323	2.093393712
592.025	2.093140551
593.731	2.092888961
595.443	2.092638928
597.159	2.092390441
598.88	2.092143488
600.606	2.091898057
602.337	2.091654138
604.074	2.091411717
605.815	2.091170785
607.561	2.090931329
609.312	2.090693338
611.068	2.090456802
612.83	2.090221709
614.596	2.089988049
616.368	2.08975581
618.144	2.089524983
619.926	2.089295555
621.713	2.089067517
623.505	2.088840859
625.302	2.088615569
627.104	2.088391639
628.912	2.088169056
630.725	2.087947812
632.543	2.087727896
634.366	2.087509298
636.194	2.087292009
638.028	2.087076019
639.867	2.086861317
641.712	2.086647894
643.561	2.086435742
645.416	2.086224849
647.277	2.086015208
649.142	2.085806807
651.013	2.085599639
652.89	2.085393694
654.772	2.085188963
656.659	2.084985437
658.552	2.084783106
660.45	2.084581963
662.354	2.084381998
664.263	2.084183201
666.177	2.083985566
668.098	2.083789083
670.023	2.083593743
671.955	2.083399538
673.891	2.083206459
675.834	2.083014499
677.782	2.082823648
679.735	2.082633899
681.695	2.082445243
683.66	2.082257673
685.63	2.082071179
687.606	2.081885755
689.588	2.081701392
691.576	2.081518082
693.569	2.081335818
695.568	2.081154591
697.573	2.080974395
699.584	2.080795221
701.6	2.080617061
703.623	2.080439909
705.651	2.080263757
707.685	2.080088596
709.725	2.079914421
711.77	2.079741223
713.822	2.079568995
715.879	2.079397731
717.943	2.079227422
720.012	2.079058062
722.088	2.078889644
724.169	2.07872216
726.256	2.078555604
728.35	2.078389969
730.449	2.078225248
732.554	2.078061433
734.666	2.077898519
736.783	2.077736499
738.907	2.077575365
741.037	2.077415112
743.173	2.077255732
745.315	2.077097219
747.463	2.076939567
749.618	2.076782769
751.778	2.076626818
753.945	2.076471709
756.119	2.076317435
758.298	2.07616399
760.484	2.076011367
762.676	2.07585956
764.874	2.075708563
767.079	2.075558371
769.29	2.075408976
771.507	2.075260373
773.731	2.075112556
775.961	2.074965519
778.198	2.074819256
780.441	2.074673761
782.69	2.074529029
784.946	2.074385052
787.209	2.074241827
789.478	2.074099346
791.753	2.073957605
794.035	2.073816597
796.324	2.073676318
798.619	2.073536761
800.921	2.07339792
803.23	2.073259791
805.545	2.073122369
807.867	2.072985646
810.196	2.072849618
812.531	2.072714281
814.873	2.072579627
817.222	2.072445653
819.577	2.072312352
821.94	2.07217972
824.309	2.072047751
826.685	2.07191644
829.067	2.071785783
831.457	2.071655773
833.854	2.071526406
836.257	2.071397677
838.668	2.07126958
841.085	2.071142111
843.509	2.071015265
845.941	2.070889037
848.379	2.070763422
850.824	2.070638414
853.277	2.07051401
855.736	2.070390205
858.203	2.070266993
860.676	2.07014437
863.157	2.070022331
865.645	2.069900872
868.14	2.069779987
870.643	2.069659672
873.152	2.069539923
875.669	2.069420735
878.193	2.069302103
880.724	2.069184023
883.263	2.06906649
885.809	2.0689495
888.362	2.068833048
890.922	2.068717131
893.49	2.068601742
896.066	2.068486879
898.649	2.068372536
901.239	2.06825871
903.836	2.068145396
906.442	2.068032589
909.054	2.067920286
911.675	2.067808482
914.302	2.067697173
916.938	2.067586355
919.581	2.067476024
922.231	2.067366174
924.89	2.067256804
927.555	2.067147907
930.229	2.06703948
932.91	2.06693152
935.599	2.066824021
938.296	2.066716981
941.001	2.066610394
943.713	2.066504257
946.433	2.066398566
949.161	2.066293317
951.897	2.066188507
954.641	2.06608413
957.392	2.065980184
960.152	2.065876664
962.919	2.065773567
965.695	2.065670888
968.478	2.065568624
971.27	2.065466772
974.069	2.065365326
976.877	2.065264285
979.693	2.065163643
982.517	2.065063397
985.349	2.064963544
988.189	2.064864079
991.037	2.064765
993.894	2.064666302
996.758	2.064567981
999.631	2.064470035
1002.51	2.064372459
1005.4	2.064275251
1008.3	2.064178405
1011.21	2.06408192
1014.12	2.063985791
1017.04	2.063890014
1019.98	2.063794587
1022.92	2.063699506
1025.86	2.063604766
1028.82	2.063510366
1031.79	2.063416301
1034.76	2.063322568
1037.74	2.063229164
1040.73	2.063136084
1043.73	2.063043327
1046.74	2.062950888
1049.76	2.062858763
1052.79	2.062766951
1055.82	2.062675447
1058.86	2.062584247
1061.92	2.06249335
1064.98	2.062402751
1068.05	2.062312447
1071.12	2.062222434
1074.21	2.062132711
1077.31	2.062043273
1080.41	2.061954117
1083.53	2.06186524
1086.65	2.061776638
1089.78	2.061688309
1092.92	2.061600249
1096.07	2.061512456
1099.23	2.061424926
1102.4	2.061337655
1105.58	2.061250641
1108.77	2.061163881
1111.96	2.061077371
1115.17	2.060991108
1118.38	2.06090509
1121.6	2.060819313
1124.84	2.060733774
1128.08	2.060648471
1131.33	2.060563399
1134.59	2.060478556
1137.86	2.060393939
1141.14	2.060309545
1144.43	2.060225371
1147.73	2.060141414
1151.04	2.060057671
1154.36	2.059974139
1157.68	2.059890814
1161.02	2.059807695
1164.37	2.059724778
1167.72	2.05964206
1171.09	2.059559538
1174.46	2.059477209
1177.85	2.05939507
1181.24	2.059313119
1184.65	2.059231352
1188.06	2.059149767
1191.49	2.059068361
1194.92	2.05898713
1198.37	2.058906073
1201.82	2.058825185
1205.29	2.058744465
1208.76	2.058663908
1212.24	2.058583514
1215.74	2.058503278
1219.24	2.058423198
1222.76	2.058343271
1226.28	2.058263494
1229.82	2.058183864
1233.36	2.058104379
1236.92	2.058025036
1240.48	2.057945832
1244.06	2.057866764
1247.64	2.057787829
1251.24	2.057709025
1254.84	2.057630349
1258.46	2.057551798
1262.09	2.057473369
1265.73	2.05739506
1269.37	2.057316868
1273.03	2.05723879
1276.7	2.057160823
1280.38	2.057082965
1284.07	2.057005212
1287.77	2.056927563
1291.49	2.056850014
1295.21	2.056772563
1298.94	2.056695207
1302.69	2.056617944
1306.44	2.05654077
1310.21	2.056463683
1313.98	2.05638668
1317.77	2.056309758
1321.57	2.056232916
1325.38	2.056156149
1329.2	2.056079457
1333.03	2.056002834
1336.87	2.055926281
1340.73	2.055849792
1344.59	2.055773366
1348.47	2.055697001
1352.35	2.055620693
1356.25	2.05554444
1360.16	2.055468239
1364.08	2.055392087
1368.01	2.055315982
1371.96	2.055239922
1375.91	2.055163903
1379.88	2.055087923
1383.85	2.055011979
1387.84	2.054936069
1391.84	2.05486019
1395.85	2.054784339
1399.88	2.054708514
1403.91	2.054632712
1407.96	2.054556931
1412.02	2.054481167
1416.09	2.054405419
1420.17	2.054329683
1424.26	2.054253957
1428.37	2.054178238
1432.48	2.054102524
1436.61	2.054026813
1440.75	2.0539511
1444.91	2.053875385
1449.07	2.053799663
1453.25	2.053723933
1457.44	2.053648192
1461.64	2.053572438
1465.85	2.053496667
1470.08	2.053420877
1474.31	2.053345066
1478.56	2.05326923
1482.82	2.053193368
1487.1	2.053117476
1491.39	2.053041552
1495.68	2.052965593
1500	2.052889598
1504.32	2.052813562
1508.65	2.052737483
1513	2.05266136
1517.36	2.052585188
1521.74	2.052508966
1526.12	2.052432691
1530.52	2.052356361
1534.93	2.052279971
1539.36	2.052203521
1543.8	2.052127007
1548.25	2.052050427
1552.71	2.051973778
1557.18	2.051897057
1561.67	2.051820262
1566.17	2.05174339
1570.69	2.051666438
1575.22	2.051589404
1579.76	2.051512286
1584.31	2.051435079
1588.88	2.051357783
1593.46	2.051280393
1598.05	2.051202908
1602.65	2.051125325
1607.27	2.05104764
1611.91	2.050969853
1616.55	2.050891958
1621.21	2.050813955
1625.89	2.05073584
1630.57	2.050657611
1635.27	2.050579264
1639.98	2.050500798
1644.71	2.050422209
1649.45	2.050343495
1654.21	2.050264653
1658.98	2.05018568
1663.76	2.050106574
1668.55	2.050027331
1673.36	2.04994795
1678.19	2.049868427
1683.02	2.04978876
1687.87	2.049708945
1692.74	2.049628981
1697.62	2.049548864
1702.51	2.049468591
1707.42	2.049388161
1712.34	2.049307569
1717.28	2.049226813
1722.22	2.049145891
1727.19	2.0490648
1732.17	2.048983536
1737.16	2.048902097
1742.17	2.04882048
1747.19	2.048738683
1752.23	2.048656702
1757.28	2.048574535
1762.34	2.048492179
1767.42	2.04840963
1772.51	2.048326887
1777.62	2.048243946
1782.75	2.048160805
1787.89	2.04807746
1793.04	2.047993908
1798.21	2.047910147
1803.39	2.047826174
1808.59	2.047741986
1813.8	2.04765758
1819.03	2.047572953
1824.27	2.047488101
1829.53	2.047403024
1834.8	2.047317716
1840.09	2.047232175
1845.4	2.047146399
1850.72	2.047060384
1856.05	2.046974127
1861.4	2.046887626
1866.77	2.046800877
1872.15	2.046713877
1877.54	2.046626623
1882.95	2.046539113
1888.38	2.046451343
1893.83	2.04636331
1899.28	2.046275011
1904.76	2.046186443
1910.25	2.046097603
1915.75	2.046008487
1921.28	2.045919093
1926.81	2.045829418
1932.37	2.045739459
1937.94	2.045649212
1943.52	2.045558673
1949.13	2.045467841
1954.74	2.045376712
1960.38	2.045285282
1966.03	2.04519355
1971.7	2.04510151
1977.38	2.04500916
1983.08	2.044916497
1988.79	2.044823518
1994.53	2.044730219
2000.28	2.044636597
2006.04	2.044542649
2011.82	2.044448371
2017.62	2.044353761
2023.44	2.044258814
2029.27	2.044163528
2035.12	2.0440679
2040.99	2.043971925
2046.87	2.043875601
2052.77	2.043778924
2058.68	2.04368189
2064.62	2.043584497
2070.57	2.043486741
2076.54	2.043388619
2082.52	2.043290126
2088.53	2.04319126
2094.55	2.043092018
2100.58	2.042992395
2106.64	2.042892388
2112.71	2.042791993
2118.8	2.042691208
2124.91	2.042590029
2131.03	2.042488451
2137.17	2.042386471
2143.33	2.042284087
2149.51	2.042181293
2155.71	2.042078087
2161.92	2.041974466
2168.15	2.041870424
2174.4	2.041765959
2180.67	2.041661066
2186.96	2.041555744
2193.26	2.041449986
2199.58	2.04134379
2205.92	2.041237152
2212.28	2.041130069
2218.66	2.041022535
2225.05	2.040914549
2231.46	2.040806105
2237.9	2.040697199
2244.35	2.04058783
2250.82	2.040477991
2257.3	2.040367679
2263.81	2.040256891
2270.33	2.040145622
2276.88	2.040033869
2283.44	2.039921627
2290.02	2.039808892
2296.62	2.039695662
2303.24	2.03958193
2309.88	2.039467694
2316.54	2.03935295
2323.22	2.039237692
2329.91	2.039121917
2336.63	2.039005622
2343.36	2.038888801
2350.12	2.038771451
2356.89	2.038653568
2363.69	2.038535146
2370.5	2.038416183
2377.33	2.038296674
2384.18	2.038176613
2391.06	2.038055998
2397.95	2.037934825
2404.86	2.037813087
2411.79	2.037690781
2418.74	2.037567903
2425.72	2.037444449
2432.71	2.037320414
2439.72	2.037195792
2446.75	2.037070581
2453.8	2.036944775
2460.88	2.03681837
2467.97	2.036691361
2475.08	2.036563744
2482.22	2.036435514
2489.37	2.036306667
2496.55	2.036177198
2503.74	2.036047101
2510.96	2.035916373
2518.2	2.035785009
2525.46	2.035653005
2532.74	2.035520353
2540.04	2.035387052
2547.36	2.035253095
2554.7	2.035118477
2562.06	2.034983196
2569.45	2.034847242
2576.85	2.034710615
2584.28	2.034573308
2591.73	2.034435315
2599.2	2.034296632
2606.69	2.034157255
2614.21	2.034017176
2621.74	2.033876393
2629.3	2.033734899
2636.88	2.03359269
2644.48	2.03344976
2652.1	2.033306104
2659.74	2.033161717
2667.41	2.033016592
2675.1	2.032870727
2682.81	2.032724113
2690.54	2.032576748
2698.3	2.032428624
2706.08	2.032279737
2713.88	2.032130081
2721.7	2.03197965
2729.54	2.03182844
2737.41	2.031676444
2745.3	2.031523656
2753.21	2.031370072
2761.15	2.031215685
2769.11	2.03106049
2777.09	2.030904483
2785.09	2.030747654
2793.12	2.03059
2801.17	2.030431515
2809.25	2.030272193
2817.34	2.030112027
2825.46	2.029951013
2833.61	2.029789143
2841.78	2.029626412
2849.97	2.029462815
2858.18	2.029298344
2866.42	2.029132993
2874.68	2.028966758
2882.97	2.028799631
2891.28	2.028631605
2899.61	2.028462675
2907.97	2.028292835
2916.35	2.028122078
2924.76	2.027950398
2933.19	2.027777788
2941.64	2.027604242
2950.12	2.027429753
2958.62	2.027254314
2967.15	2.027077921
2975.7	2.026900564
2984.28	2.026722238
2992.88	2.026542937
3001.51	2.026362652
3010.16	2.026181378
3018.84	2.025999108
3027.54	2.025815834
3036.27	2.025631551
3045.02	2.02544625
3053.79	2.025259925
3062.6	2.02507257
3071.42	2.024884176
3080.28	2.024694735
3089.16	2.024504243
3098.06	2.024312689
3106.99	2.02412007
3115.95	2.023926376
3124.93	2.023731599
3133.93	2.023535733
3142.97	2.02333877
3152.03	2.023140703
3161.11	2.022941523
3170.22	2.022741224
3179.36	2.022539797
3188.53	2.022337235
3197.72	2.022133531
3206.93	2.021928676
3216.18	2.021722662
3225.45	2.021515482
3234.74	2.021307126
3244.07	2.021097588
3253.42	2.02088686
3262.8	2.020674932
3272.2	2.020461797
3281.63	2.020247448
3291.09	2.020031875
3300.58	2.019815068
3310.09	2.019597023
3319.63	2.019377728
3329.2	2.019157175
3338.8	2.018935355
3348.42	2.018712263
3358.07	2.018487885
3367.75	2.018262216
3377.46	2.018035246
3387.19	2.017806964
3396.96	2.017577365
3406.75	2.017346438
3416.57	2.017114173
3426.41	2.016880562
3436.29	2.016645596
3446.2	2.016409265
3456.13	2.01617156
3466.09	2.015932471
3476.08	2.01569199
3486.1	2.015450106
3496.15	2.01520681
3506.23	2.014962091
3516.33	2.014715944
3526.47	2.014468354
3536.63	2.014219311
3546.83	2.013968809
3557.05	2.013716835
3567.3	2.013463381
3577.58	2.013208434
3587.9	2.012951986
3598.24	2.012694028
3608.61	2.012434547
3619.01	2.012173533
3629.44	2.011910978
3639.9	2.011646867
3650.4	2.011381191
3660.92	2.011113941
3671.47	2.010845105
3682.05	2.010574672
3692.66	2.010302632
3703.31	2.010028972
3713.98	2.009753684
3724.69	2.009476755
3735.42	2.009198172
3746.19	2.008917925
3756.99	2.008636005
3767.82	2.008352397
3778.68	2.008067091
3789.57	2.007780073
3800.49	2.007491333
3811.45	2.007200863
3822.43	2.006908644
3833.45	2.006614668
3844.5	2.006318923
3855.58	2.006021395
3866.69	2.005722073
3877.84	2.005420941
3889.02	2.005117996
3900.23	2.004813213
3911.47	2.004506589
3922.74	2.004198107
3934.05	2.003887755
3945.39	2.00357552
3956.76	2.003261386
3968.17	2.002945345
3979.6	2.002627379
3991.07	2.002307477
4002.58	2.00198563
4014.12	2.001661814
4025.69	2.001336024
4037.29	2.001008243
4048.93	2.000678458
4060.6	2.000346654
4072.3	2.000012818
4084.04	1.999676932
4095.81	1.999338986
4107.62	1.998998969
4119.46	1.99865686
4131.33	1.998312642
4143.24	1.997966306
4155.18	1.997617835
4167.16	1.997267218
4179.17	1.996914436
4191.21	1.996559474
4203.3	1.996202315
4215.41	1.995842946
4227.56	1.995481355
4239.75	1.995117515
4251.97	1.994751422
4264.22	1.994383056
4276.51	1.994012401
4288.84	1.993639436
4301.2	1.993264153
4313.6	1.992886531
4326.03	1.992506551
4338.5	1.992124199
4351.01	1.991739463
4363.55	1.991352318
4376.13	1.990962748
4388.74	1.990570743
4401.39	1.990176273
4414.08	1.989779329
4426.8	1.989379899
4439.56	1.988977956
4452.36	1.988573481
4465.19	1.988166461
4478.06	1.987756876
4490.97	1.987344708
4503.91	1.986929938
4516.89	1.986512547
4529.91	1.986092511
4542.97	1.985669825
4556.06	1.985244458
4569.2	1.984816399
4582.37	1.984385612
4595.58	1.983952094
4608.82	1.98351582
4622.11	1.983076773
4635.43	1.982634925
4648.79	1.98219027
4662.19	1.981742762
4675.63	1.981292407
4689.1	1.980839169
4702.62	1.980383038
4716.17	1.979923976
4729.77	1.979461975
4743.4	1.978997012
4757.07	1.978529066
4770.79	1.978058108
4784.54	1.977584121
4798.33	1.977107084
4812.16	1.976626978
4826.03	1.976143765
4839.94	1.975657434
4853.89	1.975167961
4867.88	1.97467532
4881.91	1.974179491
4895.98	1.973680447
4910.09	1.973178169
4924.25	1.972672619
4938.44	1.972163795
4952.68	1.971651658
4966.95	1.971136185
4981.27	1.970617347
4995.63	1.970095133
5010.02	1.969569498
5024.47	1.969040432
5038.95	1.968507897
5053.47	1.967971879
5068.04	1.967432343
5082.65	1.966889269
5097.3	1.966342626
5111.99	1.965792386
5126.72	1.965238528
5141.5	1.964681018
5156.32	1.964119823
5171.18	1.963554939
5186.09	1.962986307
5201.04	1.962413909
5216.03	1.961837719
5231.06	1.96125772
5246.14	1.960673862
5261.26	1.960086133
5276.43	1.959494478
5291.63	1.958898894
5306.89	1.958299339
5322.18	1.957695784
5337.52	1.957088195
5352.91	1.956476537
5368.34	1.955860788
5383.81	1.955240904
5399.33	1.954616869
5414.89	1.953988638
5430.5	1.953356186
5446.15	1.952719477
5461.85	1.952078475
5477.59	1.951433146
5493.38	1.95078345
5509.22	1.950129372
5525.1	1.949470857
5541.02	1.948807879
5556.99	1.948140405
5573.01	1.947468386
5589.07	1.946791808
5605.18	1.946110618
5621.34	1.945424782
5637.54	1.944734253
5653.79	1.944039015
5670.09	1.94333902
5686.43	1.942634222
5702.82	1.941924589
5719.26	1.941210082
5735.75	1.940490666
5752.28	1.9397663
5768.86	1.939036922
5785.49	1.93830252
5802.16	1.937563039
5818.89	1.936818442
5835.66	1.936068689
5852.48	1.935313721
5869.35	1.934553506
5886.27	1.933788013
5903.23	1.93301719
5920.25	1.93224099
5937.31	1.931459346
5954.43	1.930672249
5971.59	1.929879643
5988.8	1.929081469
6006.06	1.928277693
6023.37	1.92746827
6040.74	1.926653134
6058.15	1.925832256
6075.61	1.925005589
6093.12	1.924173064
6110.68	1.923334643
6128.3	1.922490275
6145.96	1.921639896
6163.68	1.920783475
6181.44	1.919920962
6199.26	1.919052298
6217.13	1.918177416
6235.05	1.917296278
6253.02	1.916408821
6271.04	1.915514989
6289.12	1.914614741
6307.25	1.913708017
6325.43	1.912794729
6343.66	1.911874878
6361.94	1.910948344
6380.28	1.910015113
6398.67	1.909075106
6417.12	1.908128255
6435.61	1.907174513
6454.16	1.906213832
6472.77	1.905246106
6491.42	1.904271314
6510.13	1.903289394
6528.9	1.902300247
6547.72	1.901303832
6566.59	1.900300074
6585.52	1.899288909
6604.5	1.898270247
6623.54	1.897244086
6642.63	1.896210267
6661.77	1.895168799
6680.98	1.894119553
6700.23	1.893062495
6719.55	1.891997553
6738.91	1.890924607
6758.34	1.889843635
6777.82	1.888754538
6797.35	1.887657251
6816.95	1.886551664
6836.6	1.885437734
6856.3	1.88431537
6876.06	1.8831845
6895.88	1.882045036
6915.76	1.880896877
6935.69	1.879739953
6955.68	1.878574189
6975.73	1.877399514
6995.84	1.876215807
7016	1.875022981
7036.23	1.873820979
7056.51	1.8726097
7076.85	1.87138899
7097.25	1.870158847
7117.7	1.868919137
7138.22	1.867669779
7158.79	1.866410661
7179.43	1.865141678
7200.12	1.863862735
7220.88	1.862573747
7241.69	1.861274619
7262.56	1.859965202
7283.5	1.858645419
7304.49	1.857315195
7325.54	1.855974349
7346.66	1.854622871
7367.83	1.853260523
7389.07	1.851887304
7410.37	1.850503102
7431.73	1.8491077
7453.15	1.847701038
7474.63	1.846283018
7496.18	1.844853469
7517.78	1.843412329
7539.45	1.841959449
7561.19	1.840494657
7582.98	1.839017845
7604.84	1.837528965
7626.76	1.836027748
7648.74	1.834514158
7670.79	1.832988045
7692.9	1.831449249
7715.07	1.829897592
7737.31	1.828333
7759.61	1.826755366
7781.98	1.825164381
7804.41	1.823560008
7826.9	1.821942069
7849.46	1.820310467
7872.09	1.818664923
7894.78	1.817005425
7917.53	1.815331636
7940.35	1.813643584
7963.24	1.81194093
7986.19	1.810223592
8009.21	1.808491335
8032.3	1.80674406
8055.45	1.804981581
8078.67	1.803203611
8101.96	1.80141008
8125.31	1.799600728
8148.73	1.797775408
8172.22	1.795933817
8195.77	1.794075911
8219.4	1.792201344
8243.09	1.790310083
8266.85	1.788401656
8290.67	1.78647608
8314.57	1.78453302
8338.54	1.782572211
8362.57	1.780593544
8386.68	1.7785968
8410.85	1.77658154
8435.09	1.774547711
8459.41	1.772494985
8483.79	1.770423111
8508.24	1.768331793
8532.77	1.7662209
8557.36	1.764089962
8582.03	1.761938901
8606.76	1.759767372
8631.57	1.757574999
8656.45	1.755361643
8681.4	1.753126828
8706.43	1.750870359
8731.52	1.748591867
8756.69	1.746291066
8781.93	1.743967545
8807.24	1.741621206
8832.63	1.739251464
8858.09	1.736857966
8883.62	1.734440532
8909.22	1.731998626
8934.9	1.729531947
8960.66	1.727040069
8986.49	1.724522603
9012.39	1.721979143
9038.36	1.7194093
9064.42	1.716812686
9090.54	1.714188696
9116.75	1.71153697
9143.02	1.708857025
9169.38	1.706148528
9195.81	1.703410687
9222.31	1.700643331
9248.9	1.697845765
9275.55	1.695017496
9302.29	1.692157844
9329.1	1.689266291
9355.99	1.686342436
9382.96	1.683385443
9410.01	1.680394937
9437.13	1.677370017
9464.33	1.674310186
9491.61	1.671214646
9518.97	1.668082854
9546.41	1.664913888
9573.92	1.661707104
9601.52	1.658461643
9629.19	1.655176859
9656.95	1.651851745
9684.78	1.648485446
9712.7	1.645077187
9740.69	1.64162583
9768.77	1.638130527
9796.93	1.634590143
9825.17	1.631003743
9853.49	1.627370148
9881.89	1.623688419
9910.37	1.619957025
9938.94	1.61617508
9967.58	1.612341119
9996.31	1.60845347
10025.1	1.604511299
10054	1.600513031
10083	1.596456856
10112.1	1.592341316
10141.2	1.5881649
10170.4	1.583925699
10199.8	1.579622226
10229.2	1.57525227
10258.6	1.570814199
10288.2	1.566306026
10317.9	1.561725408
10347.6	1.557070777
10377.4	1.552339309
10407.3	1.547529355
10437.3	1.542638344
10467.4	1.537663894
10497.6	1.532603502
10527.9	1.527454925
10558.2	1.522215754
10588.6	1.516883598
10619.2	1.511455492
10649.8	1.505929102
10680.5	1.50030218
10711.2	1.494571887
10742.1	1.488735884
10773.1	1.482791894
10804.1	1.476737447
10835.3	1.470570382
10866.5	1.464288254
10897.8	1.457889684
10929.2	1.451372618
10960.7	1.444735091
10992.3	1.437975973
11024	1.431094334
11055.8	1.42408871
11087.7	1.416958905
11119.6	1.409704395
11151.7	1.40232565
11183.8	1.394822706
11216	1.387197006
11248.4	1.379449309
11280.8	1.371582048
11313.3	1.363597486
11345.9	1.355498051
11378.6	1.347287963
11411.4	1.338970608
11444.3	1.330551451
11477.3	1.322035388
11510.4	1.313428756
11543.6	1.304737731
11576.8	1.295970395
11610.2	1.28713431
11643.7	1.278238075
11677.2	1.269291737
11710.9	1.260304333
11744.6	1.251287464
11778.5	1.242252606
11812.4	1.233210091
11846.5	1.224173788
11880.6	1.215155512
11914.9	1.206168753
11949.2	1.197226911
11983.7	1.188342993
12018.2	1.179531315
12052.9	1.170805059
12087.6	1.162177174
12122.4	1.153661655
12157.4	1.145270631
12192.4	1.137016137
12227.6	1.128909181
12262.8	1.120960706
12298.2	1.113178983
12333.6	1.105572908
12369.2	1.098149059
12404.8	1.090911839
12440.6	1.083865534
12476.4	1.077011741
12512.4	1.070351239
12548.4	1.063881883
12584.6	1.057600293
12620.9	1.051501532
12657.3	1.045578394
12693.7	1.039822598
12730.3	1.034223405
12767	1.028768818
12803.8	1.023445889
12840.7	1.018239706
12877.7	1.013135464
12914.9	1.008116052
12952.1	1.003164173
12989.4	0.998262022
13026.9	0.993391034
13064.4	0.98853252
13102.1	0.983668522
13139.8	0.978779756
13177.7	0.973847604
13215.7	0.968854577
13253.8	0.963784111
13292	0.958619286
13330.3	0.953342804
13368.7	0.947941848
13407.3	0.94240075
13445.9	0.9367086
13484.7	0.930854653
13523.5	0.924828152
13562.5	0.918621327
13601.6	0.912227684
13640.8	0.905642605
13680.1	0.898864118
13719.6	0.891891215
13759.1	0.884724728
13798.8	0.877368843
13838.5	0.869829353
13878.4	0.862115125
13918.4	0.854236561
13958.5	0.846206991
13998.8	0.838041964
14039.1	0.829759116
14079.6	0.821379965
14120.2	0.812927028
14160.9	0.804426103
14201.7	0.79590413
14242.6	0.787390386
14283.7	0.77891544
14324.8	0.770509836
14366.1	0.762208429
14407.5	0.754042311
14449.1	0.746044645
14490.7	0.73824805
14532.5	0.730682692
14574.4	0.723379222
14616.4	0.716364886
14658.5	0.709666138
14700.8	0.703305375
14743.1	0.697303848
14785.6	0.691677381
14828.2	0.686442494
14871	0.681610056
14913.9	0.67718925
14956.8	0.673186292
15000	0.669603979
15043.2	0.666444227
15086.5	0.663707079
15130	0.661387858
15173.6	0.659483794
15217.4	0.657988506
15261.2	0.656893775
15305.2	0.656193057
15349.3	0.655876144
15393.6	0.655933709
15438	0.656357084
15482.5	0.657133068
15527.1	0.658253082
15571.8	0.659705072
15616.7	0.661479403
15661.7	0.66356329
15706.9	0.665947541
15752.2	0.668620101
15797.6	0.671571728
15843.1	0.674791655
15888.8	0.678269427
15934.6	0.681995889
15980.5	0.685960827
16026.5	0.69015554
16072.7	0.694570344
16119.1	0.699197664
16165.5	0.704028534
16212.1	0.709054217
16258.9	0.714267732
16305.7	0.719661134
16352.7	0.725227487
16399.8	0.730959683
16447.1	0.736851029
16494.5	0.742895046
16542.1	0.749085145
16589.8	0.755416382
16637.6	0.761881328
16685.5	0.768476524
16733.6	0.775194638
16781.9	0.782031821
16830.2	0.788982712
16878.7	0.796042906
16927.4	0.803207236
16976.2	0.810472338
17025.1	0.817833596
17074.2	0.825287024
17123.4	0.8328288
17172.8	0.840455261
17222.2	0.848162897
17271.9	0.855948346
17321.7	0.863808394
17371.6	0.871739966
17421.7	0.879740127
17471.9	0.887806074
17522.3	0.895935139
17572.8	0.904124784
17623.4	0.912372597
17674.2	0.920676293
17725.1	0.929033713
17776.2	0.93744282
17827.5	0.945901701
17878.9	0.954408564
17930.4	0.962961739
17982.1	0.971559679
18033.9	0.980200958
18085.9	0.988884269
18138	0.997608432
18190.3	1.006372384
18242.7	1.015175191
18295.3	1.024016038
18348	1.032894236
18400.9	1.041809221
18454	1.050760555
18507.2	1.059747927
18560.5	1.06877115
18614	1.077830168
18667.7	1.086925051
18721.5	1.096055996
18775.4	1.10522333
18829.5	1.114427507
18883.8	1.123669109
18938.3	1.132948844
18992.8	1.142267546
19047.6	1.151626175
19102.5	1.161025812
19157.5	1.170467663
19212.8	1.179953048
19268.1	1.189483408
19323.7	1.199060295
19379.4	1.208685372
19435.2	1.218360409
19491.3	1.228087276
19547.4	1.237867942
19603.8	1.247704468
19660.3	1.257599001
19717	1.26755377
19773.8	1.277571078
19830.8	1.287653296
19887.9	1.297802856
19945.3	1.308022243
20002.8	1.318313988
20060.4	1.328680659
20118.2	1.339124854
20176.2	1.349649191
20234.4	1.360256299
20292.7	1.370948812
20351.2	1.381729354
20409.9	1.392600536
20468.7	1.403564943
20527.7	1.414625127
20586.8	1.425783594
20646.2	1.437042799
20705.7	1.448405133
20765.4	1.459872919
20825.2	1.471448397
20885.3	1.483133722
20945.5	1.494930951
21005.8	1.506842037
21066.4	1.518868822
21127.1	1.531013029
21188	1.543276257
21249.1	1.555659974
21310.3	1.568165511
21371.7	1.580794059
21433.3	1.593546664
21495.1	1.606424221
21557.1	1.619427475
21619.2	1.632557018
21681.5	1.645813283
21744	1.659196551
21806.7	1.672706942
21869.6	1.686344424
21932.6	1.700108808
21995.8	1.713999753
22059.2	1.728016767
22122.8	1.742159215
22186.6	1.756426315
22250.5	1.77081715
22314.6	1.785330671
22379	1.7999657
22443.5	1.814720941
22508.2	1.829594985
22573	1.844586319
22638.1	1.85969333
22703.3	1.874914318
22768.8	1.890247504
22834.4	1.905691037
22900.2	1.921243005
22966.2	1.936901445
23032.4	1.952664353
23098.8	1.968529693
23165.4	1.984495407
23232.2	2.000559427
23299.1	2.016719685
23366.3	2.032974119
23433.6	2.049320689
23501.2	2.065757382
23568.9	2.082282224
23636.9	2.098893289
23705	2.115588707
23773.3	2.132366671
23841.8	2.14922545
23910.6	2.166163392
23979.5	2.183178931
24048.6	2.200270596
24117.9	2.217437016
24187.4	2.234676924
24257.2	2.251989163
24327.1	2.269372687
24397.2	2.286826568
24467.5	2.304349995
24538	2.321942278
24608.8	2.339602843
24679.7	2.357331241
24750.8	2.375127139
24822.2	2.392990322
24893.7	2.410920689
24965.5	2.42891825
25037.4	2.446983123
25109.6	2.465115525
25182	2.483315772
25254.6	2.501584266
25327.4	2.519921495
25400.4	2.538328017
25473.6	2.556804458
25547	2.5753515
25620.6	2.593969871
25694.5	2.612660337
25768.5	2.631423688
25842.8	2.650260728
25917.3	2.669172268
25992	2.688159106
26066.9	2.707222024
26142.1	2.726361767
26217.4	2.74557904
26293	2.764874489
26368.8	2.784248691
26444.8	2.803702143
26521	2.823235248
26597.4	2.842848305
26674.1	2.862541497
26751	2.882314881
26828.1	2.902168374
26905.4	2.922101748
26983	2.942114614
27060.8	2.962206418
27138.8	2.982376431
27217	3.002623738
27295.4	3.022947236
27374.1	3.043345622
27453	3.06381739
27532.1	3.084360827
27611.5	3.104974004
27691.1	3.125654777
27770.9	3.146400783
27850.9	3.167209435
27931.2	3.188077924
28011.7	3.209003219
28092.5	3.229982063
28173.4	3.25101098
28254.6	3.272086271
28336.1	3.29320402
28417.8	3.314360099
28499.7	3.335550168
28581.8	3.356769682
28664.2	3.378013895
28746.8	3.399277869
28829.7	3.420556479
28912.8	3.441844417
28996.1	3.463136206
29079.7	3.484426205
29163.5	3.505708615
29247.6	3.526977494
29331.9	3.548226761
29416.4	3.569450211
29501.2	3.59064152
29586.2	3.61179426
29671.5	3.632901906
29757	3.653957851
29842.8	3.67495541
29928.8	3.695887841
30015.1	3.716748348
30101.6	3.737530095
30188.4	3.758226218
30275.4	3.778829837
30362.7	3.799334063
30450.2	3.819732013
30537.9	3.840016823
30626	3.86018165
30714.2	3.880219694
30802.8	3.9001242
30891.6	3.919888471
30980.6	3.939505879
31069.9	3.958969874
31159.5	3.978273994
31249.3	3.997411872
31339.3	4.016377249
31429.7	4.035163977
31520.3	4.053766034
31611.1	4.072177524
31702.2	4.090392693
31793.6	4.108405928
31885.3	4.126211772
31977.2	4.143804922
32069.3	4.161180241
32161.8	4.178332762
32254.5	4.195257693
32347.4	4.211950421
32440.7	4.228406517
32534.2	4.244621743
32628	4.26059205
32722	4.276313587
32816.3	4.2917827
32910.9	4.306995935
33005.8	4.321950043
33100.9	4.336641979
33196.3	4.351068905
33292	4.36522819
33388	4.37911741
33484.2	4.392734352
33580.7	4.406077011
33677.5	4.419143588
33774.6	4.431932495
33871.9	4.444442351
33969.6	4.456671979
34067.5	4.468620409
34165.7	4.48028687
34264.1	4.491670797
34362.9	4.50277182
34462	4.513589766
34561.3	4.524124656
34660.9	4.534376702
34760.8	4.544346304
34861	4.554034044
34961.5	4.563440687
35062.3	4.572567175
35163.3	4.581414623
35264.7	4.589984315
35366.3	4.5982777
35468.3	4.60629639
35570.5	4.614042151
35673	4.621516902
35775.8	4.628722712
35879	4.63566179
35982.4	4.642336484
36086.1	4.648749277
36190.1	4.654902777
36294.4	4.660799718
36399	4.666442954
36504	4.671835449
36609.2	4.676980278
36714.7	4.681880619
36820.5	4.686539747
36926.6	4.690961034
37033.1	4.695147935
37139.8	4.699103992
37246.9	4.702832824
37354.2	4.706338124
37461.9	4.709623651
37569.9	4.71269323
37678.2	4.715550742
37786.8	4.718200123
37895.7	4.720645357
38004.9	4.722890472
38114.5	4.724939535
38224.3	4.726796648
38334.5	4.728465945
38445	4.729951582
38555.8	4.731257739
38666.9	4.732388613
38778.4	4.733348413
38890.2	4.734141358
39002.3	4.73477167
39114.7	4.735243573
39227.4	4.73556129
39340.5	4.735729034
39453.9	4.73575101
39567.6	4.735631408
39681.7	4.735374404
39796	4.734984151
39910.7	4.734464779
40025.8	4.733820391
40141.2	4.733055063
40256.9	4.732172837
40372.9	4.73117772
40489.3	4.730073683
40606	4.728864656
40723	4.727554526
40840.4	4.726147137
40958.1	4.724646285
41076.2	4.72305572
41194.6	4.721379137
41313.3	4.719620183
41432.4	4.717782448
41551.8	4.715869469
41671.6	4.713884722
41791.7	4.711831629
41912.1	4.70971355
42033	4.707533784
42154.1	4.705295569
42275.6	4.703002079
42397.5	4.700656426
42519.7	4.698261656
42642.2	4.695820751
42765.1	4.693336627
42888.4	4.690812133
43012	4.688250054
43136	4.685653105
43260.3	4.683023936
43385	4.680365129
43510.1	4.677679199
43635.5	4.674968594
43761.3	4.672235695
43887.4	4.669482815
44013.9	4.666712202
44140.8	4.663926035
44268	4.66112643
44395.6	4.658315436
44523.6	4.655495035
44651.9	4.652667147
44780.6	4.649833626
44909.7	4.646996264
45039.1	4.64415679
45168.9	4.64131687
45299.1	4.638478109
45429.7	4.635642052
45560.6	4.632810185
45692	4.629983933
45823.7	4.627164665
45955.8	4.624353693
46088.2	4.621552272
46221.1	4.618761603
46354.3	4.615982834
46487.9	4.613217057
46621.9	4.610465315
46756.3	4.607728599
46891	4.605007851
47026.2	4.602303963
47161.7	4.599617782
47297.7	4.596950106
47434	4.594301689
47570.7	4.591673241
47707.9	4.589065429
47845.4	4.586478877
47983.3	4.58391417
48121.6	4.581371852
48260.3	4.57885243
48399.4	4.576356372
48538.9	4.573884111
48678.8	4.571436044
48819.1	4.569012535
48959.8	4.566613913
49100.9	4.564240479
49242.5	4.561892499
49384.4	4.559570212
49526.8	4.557273828
49669.5	4.555003528
49812.7	4.552759467
49956.3	4.550541776
50100.2	4.548350559
50244.7	4.546185898
50389.5	4.544047851
50534.7	4.541936456
50680.4	4.539851729
50826.5	4.537793666
50973	4.535762243
51119.9	4.53375742
51267.2	4.531779139
51415	4.529827324
51563.2	4.527901884
51711.8	4.526002715
51860.9	4.524129696
52010.4	4.522282693
52160.3	4.520461562
52310.6	4.518666143
52461.4	4.516896267
52612.6	4.515151754
52764.3	4.513432414
52916.3	4.511738048
53068.9	4.510068447
53221.8	4.508423395
53375.2	4.506802666
53529.1	4.505206031
53683.4	4.503633251
53838.1	4.502084082
53993.3	4.500558275
54148.9	4.499055575
54305	4.497575722
54461.5	4.496118454
54618.5	4.494683502
54775.9	4.493270597
54933.8	4.491879464
55092.2	4.490509827
55251	4.489161409
55410.2	4.487833928
55569.9	4.486527102
55730.1	4.485240648
55890.7	4.483974283
56051.8	4.48272772
56213.4	4.481500675
56375.4	4.480292862
56537.9	4.479103996
56700.9	4.477933791
56864.3	4.476781964
57028.2	4.47564823
57192.6	4.474532307
57357.5	4.473433913
57522.8	4.472352767
57688.6	4.471288592
57854.9	4.470241108
58021.6	4.469210043
58188.9	4.468195121
58356.6	4.467196071
58524.8	4.466212625
58693.5	4.465244516
58862.7	4.464291478
59032.3	4.46335325
59202.5	4.462429572
59373.1	4.461520189
59544.3	4.460624845
59715.9	4.459743291
59888	4.458875276
60060.6	4.458020557
60233.7	4.457178891
60407.4	4.456350038
60581.5	4.455533763
60756.1	4.454729832
60931.2	4.453938016
61106.8	4.453158087
61283	4.452389823
61459.6	4.451633002
61636.8	4.450887408
61814.4	4.450152826
61992.6	4.449429047
62171.3	4.448715863
62350.5	4.448013069
62530.2	4.447320465
62710.4	4.446637853
62891.2	4.445965039
63072.5	4.445301831
63254.3	4.444648043
63436.6	4.444003487
63619.4	4.443367984
63802.8	4.442741355
63986.7	4.442123424
64171.2	4.44151402
64356.1	4.440912972
64541.6	4.440320116
64727.7	4.439735288
64914.2	4.439158328
65101.3	4.438589079
65289	4.438027387
65477.2	4.437473101
65665.9	4.436926072
65855.2	4.436386156
66045	4.435853209
66235.4	4.435327092
66426.3	4.434807668
66617.7	4.434294802
66809.8	4.433788362
67002.3	4.43328822
67195.5	4.432794249
67389.1	4.432306326
67583.4	4.431824328
67778.2	4.431348137
67973.5	4.430877636
68169.5	4.430412712
68366	4.429953253
68563	4.429499149
68760.6	4.429050294
68958.8	4.428606582
69157.6	4.428167911
69356.9	4.427734181
69556.8	4.427305294
69757.3	4.426881153
69958.4	4.426461664
70160	4.426046736
70362.3	4.425636278
70565.1	4.425230202
70768.5	4.424828422
70972.5	4.424430855
71177	4.424037416
71382.2	4.423648027
71587.9	4.423262608
71794.3	4.422881082
72001.2	4.422503373
72208.8	4.422129409
72416.9	4.421759117
72625.6	4.421392427
72835	4.42102927
73044.9	4.420669579
73255.4	4.420313288
73466.6	4.419960332
73678.3	4.41961065
73890.7	4.419264179
74103.7	4.41892086
74317.3	4.418580634
74531.5	4.418243444
74746.3	4.417909235
74961.8	4.41757795
75177.8	4.417249538
75394.5	4.416923945
75611.9	4.416601122
75829.8	4.416281018
76048.4	4.415963584
76267.6	4.415648773
76487.4	4.415336539
76707.9	4.415026837
76929	4.414719621
77150.7	4.41441485
77373.1	4.41411248
77596.1	4.41381247
77819.8	4.413514781
78044.1	4.413219373
78269	4.412926207
78494.6	4.412635246
78720.9	4.412346454
78947.8	4.412059794
79175.3	4.411775232
79403.5	4.411492733
79632.4	4.411212265
79861.9	4.410933794
80092.1	4.41065729
80323	4.41038272
80554.5	4.410110055
80786.7	4.409839265
81019.6	4.409570321
81253.1	4.409303195
81487.3	4.40903786
81722.2	4.408774288
81957.7	4.408512454
82194	4.408252331
82430.9	4.407993895
82668.5	4.407737122
82906.7	4.407481986
83145.7	4.407228466
83385.4	4.406976537
83625.7	4.406726179
83866.8	4.406477369
84108.5	4.406230086
84350.9	4.40598431
84594.1	4.405740019
84837.9	4.405497195
85082.4	4.405255818
85327.7	4.40501587
85573.6	4.404777331
85820.3	4.404540184
86067.6	4.404304411
86315.7	4.404069995
86564.5	4.40383692
86814	4.403605168
87064.3	4.403374725
87315.2	4.403145574
87566.9	4.4029177
87819.3	4.402691088
88072.4	4.402465724
88326.3	4.402241593
88580.9	4.402018681
88836.2	4.401796975
89092.2	4.401576462
89349	4.401357128
89606.6	4.401138961
89864.9	4.400921949
90123.9	4.400706078
90383.6	4.400491338
90644.2	4.400277717
90905.4	4.400065203
91167.5	4.399853786
91430.2	4.399643453
91693.8	4.399434196
91958.1	4.399226003
92223.1	4.399018865
92489	4.398812771
92755.5	4.398607712
93022.9	4.398403678
93291	4.398200659
93559.9	4.397998648
93829.6	4.397797634
94100.1	4.39759761
94371.3	4.397398566
94643.3	4.397200495
94916.1	4.397003387
95189.7	4.396807236
95464.1	4.396612033
95739.2	4.39641777
96015.2	4.396224441
96291.9	4.396032037
96569.5	4.395840551
96847.8	4.395649978
97127	4.395460308
97406.9	4.395271536
97687.7	4.395083655
97969.3	4.394896659
98251.7	4.394710541
98534.9	4.394525294
98818.9	4.394340913
99103.7	4.394157392
99389.4	4.393974724
99675.8	4.393792904
99963.1	4.393611927
100251	4.393431786
100540	4.393252476
100830	4.393073992
101121	4.392896328
101412	4.392719479
101704	4.39254344
101998	4.392368207
102292	4.392193773
102586	4.392020135
102882	4.391847288
103179	4.391675226
103476	4.391503945
103774	4.391333441
104073	4.39116371
104373	4.390994746
104674	4.390826546
104976	4.390659105
105279	4.390492419
105582	4.390326485
105886	4.390161297
106192	4.389996852
106498	4.389833147
106805	4.389670177
107112	4.389507938
107421	4.389346427
107731	4.38918564
108041	4.389025573
108353	4.388866223
108665	4.388707586
108978	4.388549659
109292	4.388392438
109607	4.38823592
109923	4.388080101
110240	4.387924979
110558	4.387770549
110877	4.38761681
111196	4.387463756
111517	4.387311386
111838	4.387159696
112160	4.387008684
112484	4.386858345
112808	4.386708677
113133	4.386559678
113459	4.386411343
113786	4.386263671
114114	4.386116658
114443	4.385970302
114773	4.385824599
115104	4.385679548
115436	4.385535144
115768	4.385391386
116102	4.38524827
116437	4.385105794
116772	4.384963956
117109	4.384822752
117446	4.38468218
117785	4.384542238
118124	4.384402923
118465	4.384264232
118806	4.384126163
119149	4.383988713
119492	4.38385188
119837	4.383715661
120182	4.383580055
120529	4.383445057
120876	4.383310667
121224	4.383176882
121574	4.383043698
121924	4.382911115
122276	4.382779129
122628	4.382647739
122982	4.382516942
123336	4.382386735
123692	4.382257117
124048	4.382128084
124406	4.381999636
124764	4.381871769
125124	4.381744482
