300	1.33E-06
400	1.33E-06
410	1.32E-06
420	1.32E-06
430	1.33E-06
440	1.34E-06
450	1.34E-06
460	1.35E-06
470	1.36E-06
480	1.37E-06
490	1.39E-06
500	1.38E-06
510	1.40E-06
520	1.39E-06
530	1.39E-06
540	1.40E-06
550	1.42E-06
560	1.41E-06
570	1.43E-06
580	1.44E-06
590	1.43E-06
600	1.45E-06
610	1.44E-06
620	1.46E-06
630	1.45E-06
640	1.46E-06
650	1.46E-06
660	1.44E-06
670	1.45E-06
680	1.46E-06
690	1.44E-06
700	1.47E-06
710	1.47E-06
720	1.48E-06
730	1.49E-06
740	1.54E-06
750	1.49E-06
760	1.51E-06
770	1.51E-06
780	1.50E-06
790	1.47E-06
800	1.49E-06
810	1.51E-06
820	1.42E-06
830	1.46E-06
840	1.43E-06
850	1.57E-06
860	1.52E-06
870	1.99E-06
880	2.30E-06
890	2.02E-06
900	2.11E-06
910	2.18E-06
920	2.43E-06
930	2.00E-06
940	2.01E-06
950	2.08E-06
960	2.34E-06
970	2.38E-06
980	2.34E-06
990	2.23E-06
1000	2.52E-06
1010	2.18E-06
1020	2.38E-06
1030	2.62E-06
1040	2.50E-06
1050	2.42E-06
1060	2.46E-06
1070	2.55E-06
1080	2.60E-06
1090	2.85E-06
1100	2.78E-06
1110	2.43E-06
1120	2.64E-06
1130	2.95E-06
1140	3.61E-06
1150	5.32E-06
1160	5.32E-06
1170	5.92E-06
1180	1.24E-05
1190	1.69E-05
1200	5.15E-06
1210	4.10E-06
1220	3.91E-06
1230	3.06E-06
1240	3.00E-06
1250	3.08E-06
1260	3.08E-06
1270	3.24E-06
1280	3.28E-06
1290	3.21E-06
1300	3.29E-06
1310	3.24E-06
1320	3.22E-06
1330	3.35E-06
1340	3.71E-06
1350	4.35E-06
1360	5.93E-06
1370	1.07E-05
1380	1.09E-05
1390	1.29E-05
1400	1.63E-05
1410	1.42E-05
1420	8.78E-06
1430	7.67E-06
1440	6.59E-06
1450	5.50E-06
1460	5.53E-06
1470	5.53E-06
1480	4.41E-06
1490	5.83E-06
1500	6.37E-06
1510	7.65E-06
1520	8.75E-06
1530	8.83E-06
1540	8.90E-06
1550	8.75E-06
1560	8.07E-06
1570	6.52E-06
1580	5.69E-06
1590	5.39E-06
1600	5.41E-06
1610	5.60E-06
1620	6.08E-06
1630	6.84E-06
1640	8.73E-06
1650	1.18E-05
1660	1.18E-05
1670	1.24E-05
1680	2.09E-05
1690	8.52E-05
1700	6.91E-05
1710	3.74E-05
1720	2.51E-05
1730	4.59E-05
1740	8.24E-05
1750	8.68E-05
1760	4.01E-05
1770	2.62E-05
1780	3.20E-05
1790	2.71E-05
1800	1.43E-05
1810	1.04E-05
1820	1.00E-05
1830	1.61E-05
1840	2.27E-05
1850	2.68E-05
1860	1.52E-05
1870	9.24E-06
1880	8.32E-06
1890	8.68E-06
1900	9.44E-06
1910	9.99E-06
1920	1.07E-05
1930	1.12E-05
1940	1.20E-05
1950	1.21E-05
1960	1.39E-05
1970	1.64E-05
1980	1.61E-05
1990	1.61E-05
2000	1.51E-05
2009.7	1.57E-05
2019	1.45E-05
2028.5	1.15E-05
2038.1	1.12E-05
2047.8	1.05E-05
2057.5	9.68E-06
2067.3	9.17E-06
2077.3	9.03E-06
2087.3	9.30E-06
2097.5	9.90E-06
2107.7	1.07E-05
2118	1.18E-05
2128.5	1.38E-05
2139	1.77E-05
2149.6	2.29E-05
2156.8	2.55E-05
2167.6	2.88E-05
2178.5	3.49E-05
2189.6	4.45E-05
2197	5.19E-05
2208.2	6.31E-05
2219.6	7.20E-05
2227.2	7.53E-05
2238.7	7.82E-05
2246.5	7.93E-05
2258.2	7.99E-05
2266.1	8.14E-05
2278.1	8.29E-05
2286.1	8.26E-05
2298.3	8.40E-05
2306.5	8.53E-05
2318.8	8.53E-05
2327.2	8.49E-05
2339.8	8.49E-05
2348.2	8.55E-05
2356.8	8.59E-05
2369.7	8.65E-05
2378.4	8.78E-05
2387.2	8.87E-05
2396	8.93E-05
2409.3	9.00E-05
2418.3	8.86E-05
2427.4	8.73E-05
2436.5	8.74E-05
2445.7	8.86E-05
2459.6	9.09E-05
2469	9.25E-05
2478.4	9.47E-05
2488	9.63E-05
2497.5	9.60E-05
2507.2	9.61E-05
2516.9	9.53E-05
2526.8	9.39E-05
2536.6	9.30E-05
2546.6	9.27E-05
2556.7	9.27E-05
2566.8	9.35E-05
2577	9.51E-05
2587.3	9.61E-05
2597.6	9.62E-05
2608.1	9.72E-05
2618.6	9.94E-05
2629.3	1.01E-04
2640	1.00E-04
2645.4	9.99E-05
2656.2	9.95E-05
2667.1	1.00E-04
2678.2	1.02E-04
2689.3	1.04E-04
2694.9	1.04E-04
2706.1	1.05E-04
2717.5	1.06E-04
2728.9	1.06E-04
2734.7	1.06E-04
2746.2	1.06E-04
2757.9	1.06E-04
2769.7	1.06E-04
2775.6	1.07E-04
2787.6	1.10E-04
2799.6	1.11E-04
2805.7	1.11E-04
2817.9	1.12E-04
2824	1.11E-04
2836.4	1.10E-04
2848.9	1.09E-04
2855.1	1.09E-04
2867.8	1.12E-04
2874.1	1.14E-04
2886.9	1.16E-04
2899.8	1.15E-04
2906.3	1.15E-04
2919.4	1.16E-04
2926	1.15E-04
2939.3	1.14E-04
2946	1.14E-04
2959.4	1.15E-04
2966.2	1.15E-04
2979.8	1.18E-04
2986.7	1.19E-04
2993.6	1.19E-04
3007.5	1.17E-04
3014.5	1.17E-04
3028.6	1.18E-04
3035.7	1.18E-04
3049.9	1.20E-04
3057.1	1.21E-04
3064.4	1.22E-04
3078.9	1.24E-04
3086.3	1.24E-04
3093.6	1.24E-04
3108.5	1.27E-04
3115.9	1.28E-04
3123.4	1.28E-04
3138.6	1.27E-04
3146.2	1.28E-04
3153.8	1.30E-04
3169.3	1.33E-04
3177	1.33E-04
3184.8	1.34E-04
3192.7	1.33E-04
3208.5	1.33E-04
3216.4	1.34E-04
3224.4	1.35E-04
3232.5	1.35E-04
3248.7	1.36E-04
3256.9	1.37E-04
3265.1	1.38E-04
3273.3	1.39E-04
3289.9	1.40E-04
3298.3	1.39E-04
3306.7	1.40E-04
3315.2	1.41E-04
3323.7	1.41E-04
3332.2	2.44E-03
3349.4	9.79E-03
3358.1	2.03E-02
3366.8	3.37E-02
3375.6	4.00E-02
3384.4	3.30E-02
3393.3	2.00E-02
3402.2	1.02E-02
3411.1	5.47E-03
3429.2	5.01E-03
3438.3	5.98E-03
3447.4	5.98E-03
3456.6	4.79E-03
3465.8	3.43E-03
3475.1	2.50E-03
3484.5	1.50E-04
3493.9	1.52E-04
3503.3	1.53E-04
3512.8	1.53E-04
3522.4	1.53E-04
3532	1.55E-04
3541.6	1.56E-04
3551.3	1.57E-04
3561.1	1.57E-04
3570.9	1.57E-04
3580.7	1.58E-04
3590.7	1.61E-04
3600.6	1.63E-04
3610.7	1.61E-04
3620.7	1.59E-04
3630.9	1.60E-04
3641.1	1.62E-04
3651.3	1.63E-04
3661.7	1.64E-04
3672	1.66E-04
3682.5	1.67E-04
3693	1.67E-04
3703.5	1.67E-04
3714.1	1.69E-04
3724.8	1.69E-04
3735.5	1.69E-04
3746.3	1.69E-04
3757.2	1.71E-04
3768.1	1.70E-04
3779.1	1.66E-04
3790.1	1.54E-04
3801.3	1.34E-04
3812.4	1.16E-04
3823.7	1.02E-04
3835	9.18E-05
3846.4	8.44E-05
3857.8	7.91E-05
3869.3	7.54E-05
3880.9	7.29E-05
3892.6	7.18E-05
3904.3	7.19E-05
3916.1	7.36E-05
3928	7.70E-05
3939.9	8.25E-05
3951.9	9.13E-05
3964	1.06E-04
3976.2	1.28E-04
3988.4	1.57E-04
4000.7	1.78E-04
4013.1	1.72E-04
4025.5	1.43E-04
4038.1	1.15E-04
4050.7	9.63E-05
4063.4	8.43E-05
4076.2	7.67E-05
4089	7.18E-05
4102	6.88E-05
4115	6.71E-05
4128.1	6.67E-05
4141.3	6.72E-05
4154.6	6.86E-05
4167.9	7.05E-05
4181.4	7.29E-05
4194.9	7.53E-05
4208.5	7.78E-05
4222.2	8.08E-05
4236	8.53E-05
4249.9	8.97E-05
4263.9	9.29E-05
4278	9.74E-05
4292.1	1.04E-04
4306.4	1.12E-04
4320.8	1.21E-04
4335.2	1.31E-04
4349.8	1.42E-04
4364.4	1.56E-04
4379.1	1.71E-04
4394	1.86E-04
4408.9	1.95E-04
4424	1.96E-04
4439.1	1.98E-04
4454.4	2.01E-04
4469.7	2.06E-04
4485.2	2.10E-04
4500.8	2.13E-04
4516.5	2.17E-04
4532.3	2.14E-04
4548.2	2.15E-04
4564.2	2.18E-04
4580.3	2.18E-04
4596.5	2.17E-04
4612.9	2.13E-04
4629.4	2.13E-04
4646	2.18E-04
4662.7	2.22E-04
4679.5	2.21E-04
4696.5	2.21E-04
4713.6	2.17E-04
4730.8	2.21E-04
4748.1	2.26E-04
4765.5	2.26E-04
4783.1	2.27E-04
4800.8	2.31E-04
4818.7	2.31E-04
4836.7	2.32E-04
4854.8	2.36E-04
4873	2.34E-04
4891.4	2.33E-04
4910	2.34E-04
4928.6	2.32E-04
4947.4	2.35E-04
4966.4	2.41E-04
4985.5	2.36E-04
5004.7	2.37E-04
5024.1	2.39E-04
5043.7	2.43E-04
5063.4	2.41E-04
5083.2	2.46E-04
5103.3	2.44E-04
5123.4	2.44E-04
5143.8	2.53E-04
5164.3	2.43E-04
5184.9	2.43E-04
5205.7	2.52E-04
5226.7	2.51E-04
5247.9	2.52E-04
5269.2	2.50E-04
5290.7	2.53E-04
5312.4	2.64E-04
5334.3	2.63E-04
5356.3	2.51E-04
5378.5	2.54E-04
5400.9	2.60E-04
5423.5	2.63E-04
5446.3	2.60E-04
5469.3	2.62E-04
5492.5	2.65E-04
5515.9	2.66E-04
5539.4	2.61E-04
5563.2	2.60E-04
5587.2	2.63E-04
5611.4	2.72E-04
5635.8	2.70E-04
5660.4	2.69E-04
5685.2	2.66E-04
5710.3	2.66E-04
5735.5	2.65E-04
5761	2.63E-04
5786.7	2.56E-04
5812.7	2.59E-04
5838.9	2.62E-04
5865.3	2.69E-04
5891.9	2.61E-04
5918.8	2.57E-04
5946	2.63E-04
5973.4	2.72E-04
6001.1	2.70E-04
6029	1.58E-03
6057.1	1.69E-03
6085.6	1.79E-03
6114.3	1.87E-03
6143.3	2.30E-03
6172.5	3.12E-03
6202	3.47E-03
6231.9	3.21E-03
6262	2.89E-03
6292.4	3.09E-03
6323.1	2.90E-03
6354.1	2.50E-03
6385.4	2.36E-03
6417	2.02E-03
6448.9	2.08E-03
6481.1	2.18E-03
6513.7	2.36E-03
6546.6	2.88E-03
6579.8	2.85E-03
6613.4	2.26E-03
6647.3	1.65E-03
6681.6	2.35E-03
6716.2	2.78E-03
6751.2	2.60E-03
6786.5	3.32E-03
6822.3	4.44E-03
6858.3	6.22E-03
6894.8	8.44E-03
6931.7	8.82E-03
6969	8.08E-03
7006.6	1.03E-02
7044.7	1.65E-02
7083.2	2.06E-02
7122.1	1.88E-02
7161.5	1.40E-02
7201.3	9.48E-03
7241.5	7.21E-03
7282.2	6.47E-03
7323.3	5.97E-03
7364.9	5.35E-03
7407	4.50E-03
7449.6	4.06E-03
7492.6	4.31E-03
7536.2	5.23E-03
7580.3	6.62E-03
7624.9	8.02E-03
7670	9.81E-03
7715.6	1.21E-02
7761.8	1.80E-02
7808.6	3.48E-02
7855.9	1.74E-01
7903.8	3.32E-01
7952.3	3.31E-01
8001.4	1.74E-01
8051.1	5.62E-02
8101.4	2.96E-02
8152.4	2.75E-02
8204	3.27E-02
8256.2	4.06E-02
8309.1	5.05E-02
8362.8	5.93E-02
8417.1	6.51E-02
8472.1	6.90E-02
8527.8	7.37E-02
8584.3	8.01E-02
8641.5	9.03E-02
8699.5	1.08E-01
8758.3	1.36E-01
8817.9	1.79E-01
8878.3	2.45E-01
8939.5	3.45E-01
9001.6	4.80E-01
9064.5	6.17E-01
9128.4	7.05E-01
9193.1	7.23E-01
9258.8	6.86E-01
9325.4	6.26E-01
9393	5.68E-01
9461.5	5.20E-01
9531.1	4.88E-01
9601.7	4.77E-01
9673.3	4.86E-01
9746.1	4.95E-01
9819.9	4.57E-01
9894.9	3.37E-01
9971	1.98E-01
10048	1.09E-01
10127	6.63E-02
10207	4.43E-02
10288	3.26E-02
10370	2.55E-02
10453	2.18E-02
10538	1.92E-02
10625	1.76E-02
10713	1.83E-02
10802	2.07E-02
10893	2.64E-02
10985	3.36E-02
11079	3.85E-02
11174	4.72E-02
11272	6.99E-02
11370	1.15E-01
11471	1.73E-01
11573	2.00E-01
11678	2.06E-01
11784	2.24E-01
11892	2.25E-01
12002	2.42E-01
12114	3.47E-01
12229	4.96E-01
12345	6.45E-01
12464	7.22E-01
12585	6.09E-01
12708	3.59E-01
12834	1.70E-01
12962	9.77E-02
13093	8.75E-02
13227	8.46E-02
13363	6.27E-02
13502	4.15E-02
13645	3.51E-02
13790	3.55E-02
13938	4.21E-02
14089	5.40E-02
14244	6.40E-02
14403	6.81E-02
14564	6.33E-02
14730	5.27E-02
14899	4.71E-02
15072	4.46E-02
15250	3.39E-02
15431	2.29E-02
15617	2.01E-02
15808	2.15E-02
16003	2.28E-02
16203	2.34E-02
16408	2.61E-02
16618	2.93E-02
16834	2.97E-02
17056	3.10E-02
17283	3.77E-02
17517	4.20E-02
17757	4.43E-02
18003	4.77E-02
18257	4.87E-02
18518	4.54E-02
18786	4.78E-02
19062	5.12E-02
19347	4.97E-02
19640	4.74E-02
19942	4.99E-02