300.00 	7.07E-04
310.00 	5.01E-04
320.00 	3.08E-04
330.00 	1.99E-04
340.00 	1.20E-04
350.00 	6.78E-05
360.00 	4.69E-05
370.00 	3.27E-05
380.00 	2.50E-05
390.00 	2.26E-05
400.00 	2.04E-05
410.00 	1.90E-05
420.00 	1.76E-05
430.00 	1.60E-05
440.00 	1.63E-05
450.00 	1.55E-05
460.00 	1.53E-05
470.00 	1.39E-05
480.00 	1.36E-05
490.00 	1.39E-05
500.00 	1.29E-05
510.00 	1.30E-05
520.00 	1.31E-05
530.00 	1.26E-05
540.00 	1.29E-05
550.00 	1.28E-05
560.00 	1.28E-05
570.00 	1.27E-05
580.00 	1.29E-05
590.00 	1.31E-05
600.00 	1.31E-05
610.00 	1.28E-05
620.00 	1.27E-05
630.00 	1.31E-05
640.00 	1.27E-05
650.00 	1.29E-05
660.00 	1.24E-05
670.00 	1.24E-05
680.00 	1.24E-05
690.00 	1.19E-05
700.00 	1.17E-05
710.00 	1.14E-05
720.00 	1.11E-05
730.00 	1.04E-05
740.00 	1.05E-05
750.00 	1.09E-05
760.00 	1.09E-05
770.00 	1.11E-05
780.00 	1.13E-05
790.00 	1.18E-05
800.00 	1.18E-05
810.00 	1.13E-05
820.00 	1.18E-05
830.00 	1.14E-05
840.00 	1.14E-05
850.00 	1.08E-05
860.00 	1.10E-05
870.00 	1.32E-05
880.00 	1.36E-05
890.00 	1.36E-05
900.00 	1.40E-05
910.00 	1.35E-05
920.00 	1.40E-05
930.00 	1.42E-05
940.00 	1.39E-05
950.00 	1.36E-05
960.00 	1.34E-05
970.00 	1.37E-05
980.00 	1.30E-05
990.00 	1.27E-05
1000.00 	1.27E-05
1010.00 	1.22E-05
1020.00 	1.26E-05
1030.00 	1.28E-05
1040.00 	1.28E-05
1050.00 	1.29E-05
1060.00 	1.22E-05
1070.00 	1.28E-05
1080.00 	1.27E-05
1090.00 	1.28E-05
1100.00 	1.26E-05
1110.00 	1.27E-05
1120.00 	1.24E-05
1130.00 	1.34E-05
1140.00 	1.36E-05
1150.00 	1.40E-05
1160.00 	1.48E-05
1170.00 	1.47E-05
1180.00 	1.46E-05
1190.00 	1.50E-05
1200.00 	1.51E-05
1210.00 	1.51E-05
1220.00 	1.46E-05
1230.00 	1.50E-05
1240.00 	1.54E-05
1250.00 	1.54E-05
1260.00 	1.54E-05
1270.00 	1.56E-05
1280.00 	1.68E-05
1290.00 	1.63E-05
1300.00 	1.67E-05
1310.00 	1.74E-05
1320.00 	1.85E-05
1330.00 	2.02E-05
1340.00 	1.96E-05
1350.00 	2.07E-05
1360.00 	2.17E-05
1370.00 	2.42E-05
1380.00 	2.74E-05
1390.00 	3.42E-05
1400.00 	4.58E-05
1410.00 	5.85E-05
1420.00 	6.73E-05
1430.00 	6.93E-05
1440.00 	7.37E-05
1450.00 	6.96E-05
1460.00 	7.12E-05
1470.00 	6.95E-05
1480.00 	6.65E-05
1490.00 	6.33E-05
1500.00 	6.13E-05
1510.00 	6.01E-05
1520.00 	5.73E-05
1530.00 	5.63E-05
1540.00 	5.15E-05
1550.00 	5.18E-05
1560.00 	4.88E-05
1570.00 	5.06E-05
1580.00 	5.00E-05
1590.00 	5.03E-05
1600.00 	5.05E-05
1610.00 	5.33E-05
1620.00 	5.04E-05
1630.00 	5.35E-05
1640.00 	5.14E-05
1650.00 	5.26E-05
1660.00 	5.31E-05
1670.00 	5.32E-05
1680.00 	5.51E-05
1690.00 	5.43E-05
1700.00 	5.74E-05
1710.00 	5.96E-05
1720.00 	6.10E-05
1730.00 	6.15E-05
1740.00 	6.55E-05
1750.00 	6.82E-05
1760.00 	7.11E-05
1770.00 	7.47E-05
1780.00 	7.36E-05
1790.00 	7.51E-05
1800.00 	7.56E-05
1810.00 	7.66E-05
1820.00 	7.80E-05
1830.00 	7.73E-05
1840.00 	8.19E-05
1850.00 	8.54E-05
1860.00 	9.79E-05
1870.00 	1.19E-04
1880.00 	1.65E-04
1890.00 	2.52E-04
1900.00 	3.72E-04
1910.00 	5.72E-04
1920.00 	6.63E-04
1930.00 	6.61E-04
1940.00 	6.48E-04
1950.00 	6.09E-04
1960.00 	5.42E-04
1970.00 	5.09E-04
1980.00 	4.58E-04
1990.00 	4.11E-04
2000.00 	3.79E-04
2010.00 	3.42E-04
2020.00 	3.12E-04
2030.00 	2.90E-04
2040.00 	2.69E-04
2050.00 	2.48E-04
2060.00 	2.29E-04
2070.00 	2.32E-04
2080.00 	2.23E-04
2090.00 	2.11E-04
2100.00 	2.06E-04
2110.00 	1.89E-04
2120.00 	1.88E-04
2130.00 	1.84E-04
2140.00 	1.84E-04
2150.00 	1.96E-04
2160.00 	1.98E-04
2170.00 	2.15E-04
2180.00 	2.29E-04
2190.00 	2.48E-04
2200.00 	2.81E-04
2210.00 	2.91E-04
2220.00 	3.12E-04
2230.00 	3.23E-04
2240.00 	3.25E-04
2250.00 	3.13E-04
2260.00 	3.17E-04
2270.00 	3.19E-04
2280.00 	3.07E-04
2290.00 	3.15E-04
2300.00 	3.18E-04
2310.00 	3.25E-04
2320.00 	3.26E-04
2330.00 	3.34E-04
2340.00 	3.64E-04
2350.00 	3.82E-04
2360.00 	4.02E-04
2370.00 	4.50E-04
2380.00 	4.92E-04
2390.00 	5.14E-04
2400.00 	5.93E-04
2410.00 	6.73E-04
2420.00 	7.30E-04
2430.00 	7.86E-04
2440.00 	8.87E-04
2450.00 	9.49E-04
2460.00 	1.04E-03
2470.00 	1.13E-03
2480.00 	1.27E-03
2490.00 	1.44E-03
2500.00 	1.74E-03
2571.428571	0
2642.857143	0
2714.285714	0
2785.714286	0
2857.142857	0
2928.571429	0
3000	0
3071.428571	0
3142.857143	0
3214.285714	0
3285.714286	0
3357.142857	0
3428.571429	0
3500	0
3571.428571	0
3642.857143	0
3714.285714	0
3785.714286	0
3857.142857	0
3928.571429	0
4000	0
4071.428571	0
4142.857143	0
4214.285714	0
4285.714286	0
4357.142857	0
4428.571429	0
4500	0
4571.428571	0
4642.857143	0
4714.285714	0
4785.714286	0
4857.142857	0
4928.571429	0
5000	0
5052.467454	0
5246.18091	0
5343.025626	0
5439.894366	0
5536.763107	0
5633.631847	0
5730.500588	0
5827.369328	0
5924.238069	0
6150.26513	0
6247.13387	0
6344.002611	0
6440.871351	0
6537.740092	0
6634.608832	0
6731.477573	0
6828.346313	0
6925.215054	0
7022.099811	0
7118.952535	0
7215.821275	0
7312.690016	0
7409.558756	0
7506.427497	0
7603.296237	0
7700.164978	0
7797.117806	0
7902.207095	0.020522315
7987.619558	0.061393911
8076.13634	0.126454819
8176.369015	0.20884445
8137.227509	0.152416624
8226.864729	0.272841863
8291.858321	0.332194302
8324.498265	0.382371484
8387.942645	0.451071216
8453.031135	0.524014503
8522.376052	0.589961657
8605.280088	0.656951455
8693.729163	0.712315785
8787.235497	0.756263177
8884.368513	0.794111109
8973.473179	0.83826703
9078.694606	0.878408776
9175.763555	0.907081452
9272.70437	0.917403615
9369.637177	0.926578872
9466.425834	0.915109801
9563.262542	0.910522173
9659.987132	0.889877847
9760.655824	0.856044089
9833.703792	0.830238681
9933.879972	0.808447447
10024.04895	0.773810855
10101.25564	0.732522202
10185.72474	0.707355784
10247.71835	0.667377882
10336.2304	0.626662682
10424.89261	0.60745199
10533.58765	0.567023517
10626.31208	0.551540272
10723.10875	0.541218108
10819.97749	0.541218108
10916.92631	0.552687179
11013.90717	0.568743877
11110.85599	0.580212948
11207.82083	0.593975832
11304.70158	0.595696193
11401.66242	0.608885623
11498.53917	0.61003253
11595.40791	0.61003253
11692.24462	0.605444902
11789.00124	0.589388204
11885.86998	0.589388204
11982.62661	0.573331505
12079.3592	0.553834086
12176.09981	0.535483573
12272.81239	0.513118886
12369.46891	0.48272585
12466.16947	0.458640802
12562.89407	0.437996475
12659.65069	0.421939777
12756.43935	0.410470707
12853.30008	0.4093238
12950.08073	0.396707822
13046.95748	0.397854729
13143.91431	0.410470707
13240.78305	0.410470707
13337.65179	0.410470707
13434.52053	0.410470707
13531.38927	0.410470707
13628.25801	0.410470707
13725.09472	0.405883078
13821.88338	0.394414008
13918.72809	0.390973287
14015.44467	0.369182053
14112.26536	0.362300611
14209.08605	0.355419169
14305.85869	0.341656285
14402.67538	0.334201389
14499.5241	0.331334121
14596.31276	0.319865051
14693.16548	0.317571237
14789.95414	0.306102167
14886.80686	0.303808353
14983.6756	0.303808353
15080.54434	0.303808353
15177.41308	0.303808353
15274.28182	0.303808353
15371.14656	0.303234899
15468.0153	0.303234899
15564.98415	0.317571237
15661.965	0.333627935
15758.90582	0.343950099
15855.88668	0.360006797
15952.96363	0.38982638
16049.98053	0.41104416
16147.01344	0.434555754
16244.05836	0.459787709
16341.10329	0.485019664
16438.1402	0.509104712
16535.18513	0.534336666
16625.75932	0.55773357
16737.46215	0.601239577
16818.36496	0.626853834
16931.65344	0.666230975
17020.67402	0.698344372
17109.77868	0.742500293
17221.39636	0.773810855
17312.04504	0.807873994
17414.98008	0.850883007
17505.3514	0.874585753
17609.15002	0.912815987
17694.63778	0.934443377
17797.45385	0.960412629
17894.44672	0.978189688
17991.39554	0.989658759
18088.2803	0.991952573
18185.14904	0.991952573
18281.95371	0.982777316
18378.71434	0.967294071
18475.45895	0.949517012
18572.21557	0.933460314
18668.94016	0.912815987
18765.66476	0.892171661
18862.40536	0.873821148
18959.04587	0.841134298
