300	1.544598338
315.2777778	1.543490305
323.5276381	1.542282381
331.2330198	1.540347317
345.9939315	1.538697732
355.1846879	1.537260909
365.3966395	1.535672999
375.6085911	1.534333939
385.8205426	1.53295933
397.0536893	1.53147412
410.3292263	1.529854609
423.6047634	1.528294348
436.8803004	1.52668048
450.1558374	1.525233077
463.4313744	1.523717959
477.7281066	1.522380593
491.0036436	1.520996673
504.2791806	1.519697396
519.597108	1.518330405
533.8938401	1.517115771
548.1905723	1.515878919
566.5720851	1.514419878
586.9959882	1.512843817
607.4198913	1.511404032
628.8649896	1.510005722
651.331283	1.508524462
672.7763813	1.507297979
694.2214795	1.506143673
716.687773	1.504974824
739.1540664	1.50384368
761.6203598	1.502820264
784.0866532	1.501856098
806.5529466	1.500978115
829.01924	1.500202473
851.4855335	1.499394513
873.9518269	1.498640417
896.4181203	1.497934799
918.8844137	1.497401545
941.3507071	1.496679767
963.8170006	1.496114195
986.283294	1.495672511
1008.749587	1.495112325
1031.215881	1.494659867
1053.682174	1.494288206
1076.148468	1.493873453
1098.614761	1.493437154
1121.081054	1.493108584
1143.547348	1.492828491
1166.013641	1.492489148
1188.479935	1.492139032
1210.946228	1.491815848
1233.412522	1.491611164
1255.878815	1.491406481
1278.345108	1.491266435
1300.811402	1.491072524
1323.277695	1.4907655
1345.743989	1.490566203
1368.210282	1.49034536
1390.676576	1.490216087
1413.142869	1.490119132
1435.609162	1.489979085
1458.075456	1.489860584
1480.541749	1.489769015
1503.008043	1.48967206
1525.474336	1.489564332
1547.940629	1.489451218
1570.406923	1.489365035
1592.873216	1.489203443
1615.33951	1.489047238
1637.805803	1.48899876
1660.272097	1.48893951
1682.73839	1.488799463
1705.204683	1.488740213
1727.670977	1.488702508
1750.13727	1.488616326
1772.603564	1.488659417
1795.069857	1.488530143
1817.53615	1.488497825
1840.002444	1.488497825
1862.468737	1.488497825
1884.935031	1.488465507
1907.401324	1.488438575
1929.867618	1.488465507
1950.291521	1.488464908
1978.884985	1.488373938
2001.351278	1.488379324
2023.817572	1.488373938
2046.283865	1.488212346
2068.750159	1.488201573
2085.089281	1.488225273
2121.852307	1.488196187
2144.3186	1.488201573
2166.784894	1.488104618
2189.251187	1.488083072
2211.71748	1.488083072
2234.183774	1.488083072
2256.650067	1.488083072
2279.116361	1.488083072
2301.582654	1.488083072
2324.048948	1.488083072
2346.515241	1.488083072
2368.981534	1.488083072
2391.447828	1.488083072
2413.914121	1.488083072
2436.380415	1.488083072
2458.846708	1.488083072
2481.313001	1.488083072
2507.2	1.46913
2516.9	1.46955
2526.8	1.4705
2536.6	1.47134
2546.6	1.4718
2556.7	1.47161
2566.8	1.46997
2577	1.46845
2587.3	1.46788
2597.6	1.46812
2608.1	1.4686
2618.6	1.46921
2629.3	1.4697
2640	1.46986
2645.4	1.46981
2656.2	1.47009
2667.1	1.47014
2678.2	1.47043
2689.3	1.47062
2694.9	1.47045
2706.1	1.46946
2717.5	1.46875
2728.9	1.46894
2734.7	1.46928
2746.2	1.46963
2757.9	1.46981
2769.7	1.46889
2775.6	1.46868
2787.6	1.46878
2799.6	1.46908
2805.7	1.46945
2817.9	1.46983
2824	1.46949
2836.4	1.46897
2848.9	1.46918
2855.1	1.4691
2867.8	1.46845
2874.1	1.46786
2886.9	1.46695
2899.8	1.46743
2906.3	1.46756
2919.4	1.46764
2926	1.4679
2939.3	1.46852
2946	1.4682
2959.4	1.46773
2966.2	1.46817
2979.8	1.46838
2986.7	1.46801
2993.6	1.46762
3007.5	1.46669
3014.5	1.46624
3028.6	1.46603
3035.7	1.46625
3049.9	1.4668
3057.1	1.46692
3064.4	1.46659
3078.9	1.4655
3086.3	1.46529
3093.6	1.46509
3108.5	1.46496
3115.9	1.46511
3123.4	1.46516
3138.6	1.46431
3146.2	1.46405
3153.8	1.464
3169.3	1.46339
3177	1.46305
3184.8	1.4627
3192.7	1.46195
3208.5	1.46036
3216.4	1.46006
3224.4	1.45965
3232.5	1.45907
3248.7	1.45816
3256.9	1.45754
3265.1	1.45626
3273.3	1.45446
3289.9	1.4511
3298.3	1.44961
3306.7	1.44849
3315.2	1.44839
3323.7	1.45011
3332.2	1.45402
3349.4	1.46332
3358.1	1.46371
3366.8	1.46128
3375.6	1.46047
3384.4	1.46569
3393.3	1.47491
3402.2	1.48192
3411.1	1.48471
3429.2	1.48577
3438.3	1.48508
3447.4	1.4841
3456.6	1.48338
3465.8	1.48301
3475.1	1.4824
3484.5	1.48114
3493.9	1.47957
3503.3	1.47848
3512.8	1.47843
3522.4	1.47902
3532	1.47935
3541.6	1.47892
3551.3	1.47799
3561.1	1.47696
3570.9	1.47614
3580.7	1.47571
3590.7	1.47509
3600.6	1.47422
3610.7	1.47358
3620.7	1.47334
3630.9	1.47323
3641.1	1.47281
3651.3	1.47226
3661.7	1.47197
3672	1.47182
3682.5	1.47156
3693	1.47131
3703.5	1.47127
3714.1	1.47146
3724.8	1.47136
3735.5	1.47089
3746.3	1.47058
3757.2	1.47037
3768.1	1.46985
3779.1	1.46933
3790.1	1.46923
3801.3	1.46912
3812.4	1.46898
3823.7	1.4689
3835	1.4688
3846.4	1.46881
3857.8	1.46891
3869.3	1.46883
3880.9	1.46852
3892.6	1.46815
3904.3	1.46787
3916.1	1.46779
3928	1.46793
3939.9	1.46807
3951.9	1.46811
3964	1.46801
3976.2	1.4678
3988.4	1.46764
4000.7	1.46727
4013.1	1.46662
4025.5	1.46626
4038.1	1.4664
4050.7	1.46648
4063.4	1.46614
4076.2	1.46566
4089	1.4653
4102	1.46505
4115	1.46509
4128.1	1.46534
4141.3	1.46527
4154.6	1.4648
4167.9	1.46465
4181.4	1.46486
4194.9	1.46481
4208.5	1.46475
4222.2	1.46486
4236	1.46391
4249.9	1.46312
4263.9	1.46342
4278	1.46331
4292.1	1.46309
4306.4	1.46324
4320.8	1.4632
4335.2	1.46277
4349.8	1.46221
4364.4	1.46197
4379.1	1.46193
4394	1.46172
4408.9	1.46149
4424	1.46146
4439.1	1.46141
4454.4	1.46127
4469.7	1.46101
4485.2	1.46068
4500.8	1.46015
4516.5	1.45943
4532.3	1.45897
4548.2	1.45895
4564.2	1.45917
4580.3	1.45916
4596.5	1.45874
4612.9	1.45831
4629.4	1.45787
4646	1.45747
4662.7	1.45713
4679.5	1.45687
4696.5	1.45673
4713.6	1.45661
4730.8	1.45625
4748.1	1.45579
4765.5	1.45552
4783.1	1.45498
4800.8	1.45415
4818.7	1.45386
4836.7	1.45388
4854.8	1.45346
4873	1.45305
4891.4	1.4529
4910	1.45258
4928.6	1.45196
4947.4	1.4514
4966.4	1.451
4985.5	1.4504
5004.7	1.44974
5024.1	1.44912
5043.7	1.44825
5063.4	1.4481
5083.2	1.44792
5103.3	1.44714
5123.4	1.44634
5143.8	1.4457
5164.3	1.44497
5184.9	1.44416
5205.7	1.44317
5226.7	1.44205
5247.9	1.4408
5269.2	1.4395
5290.7	1.43809
5312.4	1.43626
5334.3	1.43445
5356.3	1.43266
5378.5	1.4305
5400.9	1.42834
5423.5	1.42622
5446.3	1.42379
5469.3	1.4206
5492.5	1.41665
5515.9	1.41254
5539.4	1.40778
5563.2	1.40181
5587.2	1.39375
5611.4	1.38371
5635.8	1.36953
5660.4	1.34661
5685.2	1.30936
5710.3	1.25301
5735.5	1.23647
5761	1.34527
5786.7	1.53325
5812.7	1.65705
5838.9	1.65492
5865.3	1.60143
5891.9	1.55983
5918.8	1.53767
5946	1.52497
5973.4	1.5137
6001.1	1.50416
6029	1.49716
6057.1	1.49099
6085.6	1.48632
6114.3	1.48305
6143.3	1.47981
6172.5	1.47641
6202	1.47325
6231.9	1.47075
6262	1.46782
6292.4	1.46437
6323.1	1.46119
6354.1	1.45837
6385.4	1.45599
6417	1.45332
6448.9	1.45022
6481.1	1.44677
6513.7	1.44267
6546.6	1.43865
6579.8	1.43289
6613.4	1.42485
6647.3	1.41211
6681.6	1.4001
6716.2	1.40407
6751.2	1.41925
6786.5	1.42839
6822.3	1.4264
6858.3	1.42716
6894.8	1.44208
6931.7	1.46484
6969	1.49232
7006.6	1.50573
7044.7	1.49279
7083.2	1.47112
7122.1	1.45677
7161.5	1.45125
7201.3	1.45536
7241.5	1.46115
7282.2	1.45959
7323.3	1.45466
7364.9	1.45062
7407	1.44538
7449.6	1.43947
7492.6	1.43269
7536.2	1.42526
7580.3	1.41714
7624.9	1.40742
7670	1.396
7715.6	1.38276
7761.8	1.36666
7808.6	1.35944
7855.9	1.37624
7903.8	1.39786
7952.3	1.39825
8001.4	1.40121
8051.1	1.43175
8101.4	1.46268
8152.4	1.46081
8204	1.42745
8256.2	1.38049
8309.1	1.35741
8362.8	1.39213
8417.1	1.44491
8472.1	1.46234
8527.8	1.4559
8584.3	1.44851
8641.5	1.47517
8699.5	1.57461
8758.3	1.6801
8817.9	1.70927
8878.3	1.68768
8939.5	1.66124
9001.6	1.63853
9064.5	1.61902
9128.4	1.60238
9193.1	1.58876
9258.8	1.57771
9325.4	1.57241
9393	1.57482
9461.5	1.57671
9531.1	1.5689
9601.7	1.556
9673.3	1.54576
9746.1	1.53653
9819.9	1.52516
9894.9	1.51006
9971	1.4976
10048	1.50342
10127	1.52393
10207	1.5376
10288	1.54211
10370	1.54943
10453	1.55606
10538	1.55564
10625	1.55099
10713	1.54408
10802	1.53806
10893	1.53598
10985	1.53809
11079	1.53925
11174	1.53546
11272	1.53047
11370	1.52555
11471	1.52025
11573	1.51577
11678	1.51261
11784	1.51555
11892	1.52682
12002	1.53382
12114	1.53231
12229	1.52986
12345	1.52916
12464	1.52878
12585	1.52539
12708	1.52006
12834	1.51388
12962	1.50846
13093	1.50305
13227	1.51166
13363	1.53752
13502	1.54967
13645	1.54161
13790	1.53237
13938	1.52831
14089	1.52547
14244	1.52376
14403	1.52155
14564	1.51834
14730	1.51581
14899	1.51541
15072	1.515
15250	1.51263
15431	1.51126
15617	1.50974
15808	1.50641
16003	1.50594
16203	1.50869
16408	1.50994
16618	1.50916
16834	1.50654
17056	1.50484
17283	1.50405
17517	1.50133
17757	1.49797
18003	1.49843
18257	1.49981
18518	1.49776
18786	1.49549
19062	1.49301
19347	1.48787
19640	1.48558
19942	1.48818
