300	1.09E-06
310	1.07E-06
320	1.06E-06
330	1.04E-06
340	1.01E-06
350	9.81E-07
360	9.43E-07
370	9.20E-07
380	8.92E-07
390	8.48E-07
400	8.13E-07
410	7.28E-07
420	6.82E-07
430	6.70E-07
440	6.50E-07
450	6.33E-07
460	6.12E-07
470	6.02E-07
480	6.09E-07
490	6.25E-07
500	6.11E-07
510	6.12E-07
520	5.72E-07
530	5.62E-07
540	5.70E-07
550	5.78E-07
560	6.07E-07
570	5.86E-07
580	5.95E-07
590	5.83E-07
600	6.36E-07
610	6.31E-07
620	5.93E-07
630	6.14E-07
640	6.27E-07
650	5.83E-07
660	5.86E-07
670	5.73E-07
680	5.64E-07
690	5.82E-07
700	5.64E-07
710	6.02E-07
720	5.55E-07
730	5.76E-07
740	5.67E-07
750	5.51E-07
760	5.98E-07
770	6.08E-07
780	5.46E-07
790	5.45E-07
800	5.54E-07
810	5.55E-07
820	4.48E-07
830	4.21E-07
840	5.34E-07
850	5.11E-07
860	5.29E-07
870	1.22E-06
880	9.11E-07
890	8.20E-07
900	5.35E-07
910	4.93E-07
920	3.93E-07
930	2.85E-07
940	8.16E-07
950	4.00E-07
960	4.71E-07
970	2.04E-07
980	2.34E-07
990	4.34E-07
1000	3.49E-07
1010	7.34E-07
1020	7.39E-07
1030	1.01E-06
1040	9.61E-07
1050	9.82E-07
1060	9.36E-07
1070	9.04E-07
1080	8.95E-07
1090	1.25E-06
1100	1.10E-06
1110	1.35E-06
1120	1.88E-06
1130	4.12E-06
1140	1.13E-05
1150	1.14E-05
1160	4.52E-06
1170	2.96E-06
1180	2.45E-06
1190	3.44E-06
1200	4.60E-06
1210	5.24E-06
1220	4.03E-06
1230	2.79E-06
1240	2.06E-06
1250	1.68E-06
1260	1.66E-06
1270	1.88E-06
1280	1.27E-06
1290	1.27E-06
1300	1.51E-06
1310	1.43E-06
1320	1.57E-06
1330	1.74E-06
1340	2.03E-06
1350	2.28E-06
1360	2.05E-06
1370	3.55E-06
1380	4.00E-06
1390	4.78E-06
1400	5.05E-06
1410	5.76E-06
1420	6.12E-06
1430	5.24E-06
1440	5.08E-06
1450	4.49E-06
1460	4.01E-06
1470	4.00E-06
1480	4.65E-06
1490	3.23E-06
1500	3.06E-06
1510	2.82E-06
1520	2.64E-06
1530	2.45E-06
1540	2.25E-06
1550	1.89E-06
1560	1.96E-06
1570	2.13E-06
1580	2.41E-06
1590	2.84E-06
1600	3.32E-06
1610	4.46E-06
1620	8.11E-06
1630	1.92E-05
1640	2.68E-05
1650	2.42E-05
1660	3.87E-05
1670	1.05E-04
1680	1.60E-04
1690	1.37E-04
1700	8.46E-05
1710	5.42E-05
1720	4.80E-05
1730	4.40E-05
1740	2.73E-05
1750	3.34E-05
1760	4.17E-05
1770	3.62E-05
1780	2.72E-05
1790	3.06E-05
1800	2.91E-05
1810	2.97E-05
1820	2.72E-05
1830	2.44E-05
1840	2.48E-05
1850	2.56E-05
1860	2.68E-05
1870	2.46E-05
1880	2.18E-05
1890	2.14E-05
1900	2.11E-05
1910	2.14E-05
1920	1.97E-05
1930	1.89E-05
1940	1.85E-05
1950	1.92E-05
1960	1.84E-05
1970	1.79E-05
1980	1.79E-05
1990	1.75E-05
2000	1.76E-05
2009.7	2.14E-05
2019	2.45E-05
2028.5	3.10E-05
2038.1	3.69E-05
2047.8	3.77E-05
2057.5	3.91E-05
2067.3	4.05E-05
2077.3	4.13E-05
2087.3	4.29E-05
2097.5	4.60E-05
2107.7	5.05E-05
2118	5.84E-05
2128.5	7.44E-05
2139	1.00E-04
2149.6	3.39E-03
2156.8	3.89E-03
2167.6	3.88E-03
2178.5	3.59E-03
2189.6	4.30E-03
2197	4.75E-03
2208.2	9.79E-05
2219.6	9.05E-05
2227.2	8.51E-05
2238.7	7.97E-05
2246.5	8.03E-05
2258.2	8.63E-05
2266.1	9.32E-05
2278.1	3.39E-03
2286.1	3.73E-03
2298.3	4.10E-03
2306.5	3.87E-03
2318.8	3.62E-03
2327.2	3.53E-03
2339.8	3.76E-03
2348.2	3.95E-03
2356.8	4.27E-03
2369.7	4.37E-03
2378.4	3.70E-03
2387.2	3.62E-03
2396	3.73E-03
2409.3	3.60E-03
2418.3	3.66E-03
2427.4	3.84E-03
2436.5	3.74E-03
2445.7	3.13E-03
2459.6	2.89E-03
2469	3.70E-03
2478.4	4.51E-03
2488	4.33E-03
2497.5	3.47E-03
2507.2	3.21E-03
2516.9	2.96E-03
2526.8	2.69E-03
2536.6	3.15E-03
2546.6	3.64E-03
2556.7	4.06E-03
2566.8	4.18E-03
2577	3.91E-03
2587.3	3.48E-03
2597.6	2.93E-03
2608.1	3.05E-03
2618.6	3.37E-03
2629.3	3.95E-03
2640	4.26E-03
2645.4	3.94E-03
2656.2	3.08E-03
2667.1	3.39E-03
2678.2	3.67E-03
2689.3	3.07E-03
2694.9	2.73E-03
2706.1	3.03E-03
2717.5	4.19E-03
2728.9	4.07E-03
2734.7	3.54E-03
2746.2	2.82E-03
2757.9	2.55E-03
2769.7	2.34E-03
2775.6	2.56E-03
2787.6	3.09E-03
2799.6	3.24E-03
2805.7	3.27E-03
2817.9	3.56E-03
2824	3.62E-03
2836.4	3.54E-03
2848.9	3.61E-03
2855.1	3.48E-03
2867.8	3.25E-03
2874.1	3.32E-03
2886.9	3.39E-03
2899.8	3.68E-03
2906.3	3.76E-03
2919.4	1.36E-04
2926	1.29E-04
2939.3	1.23E-04
2946	1.21E-04
2959.4	1.15E-04
2966.2	1.12E-04
2979.8	1.08E-04
2986.7	1.10E-04
2993.6	1.13E-04
3007.5	1.18E-04
3014.5	1.20E-04
3028.6	1.25E-04
3035.7	1.29E-04
3049.9	2.22E-03
3057.1	1.86E-03
3064.4	1.86E-03
3078.9	2.49E-03
3086.3	2.59E-03
3093.6	2.56E-03
3108.5	2.57E-03
3115.9	2.69E-03
3123.4	2.97E-03
3138.6	2.89E-03
3146.2	2.56E-03
3153.8	2.36E-03
3169.3	2.76E-03
3177	2.97E-03
3184.8	3.11E-03
3192.7	3.14E-03
3208.5	3.33E-03
3216.4	4.25E-03
3224.4	5.86E-03
3232.5	8.03E-03
3248.7	1.19E-02
3256.9	1.33E-02
3265.1	1.43E-02
3273.3	1.40E-02
3289.9	1.65E-02
3298.3	2.11E-02
3306.7	2.22E-02
3315.2	1.75E-02
3323.7	1.14E-02
3332.2	7.90E-03
3349.4	5.82E-03
3358.1	6.23E-03
3366.8	7.25E-03
3375.6	8.48E-03
3384.4	1.08E-02
3393.3	1.59E-02
3402.2	2.37E-02
3411.1	3.17E-02
3429.2	3.33E-02
3438.3	2.69E-02
3447.4	1.99E-02
3456.6	1.44E-02
3465.8	1.12E-02
3475.1	9.74E-03
3484.5	9.93E-03
3493.9	1.14E-02
3503.3	1.26E-02
3512.8	1.15E-02
3522.4	8.27E-03
3532	5.45E-03
3541.6	4.04E-03
3551.3	3.48E-03
3561.1	3.22E-03
3570.9	3.21E-03
3580.7	3.38E-03
3590.7	3.27E-03
3600.6	2.97E-03
3610.7	2.84E-03
3620.7	2.60E-03
3630.9	2.29E-03
3641.1	2.30E-03
3651.3	2.64E-03
3661.7	2.94E-03
3672	3.06E-03
3682.5	3.03E-03
3693	2.92E-03
3703.5	2.90E-03
3714.1	2.95E-03
3724.8	3.13E-03
3735.5	3.38E-03
3746.3	3.51E-03
3757.2	3.28E-03
3768.1	3.05E-03
3779.1	3.11E-03
3790.1	3.14E-03
3801.3	3.03E-03
3812.4	2.90E-03
3823.7	3.02E-03
3835	3.17E-03
3846.4	3.19E-03
3857.8	3.22E-03
3869.3	3.26E-03
3880.9	3.31E-03
3892.6	3.26E-03
3904.3	3.00E-03
3916.1	2.66E-03
3928	2.56E-03
3939.9	2.73E-03
3951.9	2.97E-03
3964	2.97E-03
3976.2	2.91E-03
3988.4	3.09E-03
4000.7	3.29E-03
4013.1	3.26E-03
4025.5	3.04E-03
4038.1	2.83E-03
4050.7	2.76E-03
4063.4	2.84E-03
4076.2	2.83E-03
4089	2.86E-03
4102	2.92E-03
4115	2.96E-03
4128.1	3.02E-03
4141.3	2.89E-03
4154.6	2.60E-03
4167.9	2.58E-03
4181.4	2.88E-03
4194.9	3.23E-03
4208.5	3.50E-03
4222.2	3.66E-03
4236	3.83E-03
4249.9	3.79E-03
4263.9	3.67E-03
4278	3.79E-03
4292.1	3.82E-03
4306.4	3.62E-03
4320.8	3.30E-03
4335.2	2.97E-03
4349.8	2.88E-03
4364.4	2.93E-03
4379.1	2.98E-03
4394	3.02E-03
4408.9	3.04E-03
4424	2.85E-03
4439.1	2.59E-03
4454.4	2.50E-03
4469.7	2.75E-03
4485.2	2.99E-03
4500.8	3.07E-03
4516.5	3.20E-03
4532.3	3.28E-03
4548.2	3.18E-03
4564.2	3.12E-03
4580.3	3.05E-03
4596.5	2.97E-03
4612.9	2.93E-03
4629.4	2.89E-03
4646	2.84E-03
4662.7	2.63E-03
4679.5	2.46E-03
4696.5	2.70E-03
4713.6	3.05E-03
4730.8	3.21E-03
4748.1	3.10E-03
4765.5	2.80E-03
4783.1	2.70E-03
4800.8	2.80E-03
4818.7	2.98E-03
4836.7	3.10E-03
4854.8	3.06E-03
4873	3.06E-03
4891.4	3.04E-03
4910	2.86E-03
4928.6	2.92E-03
4947.4	3.23E-03
4966.4	3.25E-03
4985.5	3.03E-03
5004.7	3.02E-03
5024.1	3.24E-03
5043.7	3.41E-03
5063.4	3.55E-03
5083.2	4.37E-03
5103.3	5.21E-03
5123.4	5.74E-03
5143.8	6.26E-03
5164.3	5.86E-03
5184.9	4.94E-03
5205.7	4.16E-03
5226.7	3.44E-03
5247.9	3.29E-03
5269.2	3.77E-03
5290.7	4.43E-03
5312.4	5.12E-03
5334.3	5.73E-03
5356.3	5.66E-03
5378.5	4.66E-03
5400.9	3.74E-03
5423.5	3.41E-03
5446.3	3.65E-03
5469.3	4.02E-03
5492.5	4.34E-03
5515.9	5.09E-03
5539.4	5.96E-03
5563.2	5.64E-03
5587.2	4.51E-03
5611.4	3.69E-03
5635.8	3.56E-03
5660.4	5.41E-03
5685.2	9.80E-03
5710.3	1.36E-02
5735.5	1.46E-02
5761	1.27E-02
5786.7	9.84E-03
5812.7	8.33E-03
5838.9	7.20E-03
5865.3	6.26E-03
5891.9	5.98E-03
5918.8	5.72E-03
5946	5.46E-03
5973.4	5.58E-03
6001.1	5.43E-03
6029	4.87E-03
6057.1	4.58E-03
6085.6	4.69E-03
6114.3	4.57E-03
6143.3	4.41E-03
6172.5	4.79E-03
6202	9.80E-03
6231.9	1.85E-02
6262	1.87E-02
6292.4	1.24E-02
6323.1	9.44E-03
6354.1	6.64E-03
6385.4	4.61E-03
6417	4.57E-03
6448.9	5.46E-03
6481.1	5.75E-03
6513.7	4.91E-03
6546.6	4.42E-03
6579.8	4.70E-03
6613.4	4.69E-03
6647.3	1.52E-02
6681.6	3.85E-02
6716.2	3.71E-02
6751.2	1.67E-02
6786.5	7.57E-03
6822.3	1.21E-02
6858.3	3.45E-02
6894.8	4.96E-02
6931.7	3.36E-02
6969	1.53E-02
7006.6	8.67E-03
7044.7	6.45E-03
7083.2	5.55E-03
7122.1	5.47E-03
7161.5	6.64E-03
7201.3	9.69E-03
7241.5	1.39E-02
7282.2	1.69E-02
7323.3	1.69E-02
7364.9	1.45E-02
7407	1.24E-02
7449.6	1.10E-02
7492.6	1.03E-02
7536.2	1.01E-02
7580.3	1.03E-02
7624.9	1.05E-02
7670	1.05E-02
7715.6	1.03E-02
7761.8	1.04E-02
7808.6	9.92E-03
7855.9	9.62E-03
7903.8	1.21E-02
7952.3	1.72E-02
8001.4	2.36E-02
8051.1	2.89E-02
8101.4	3.14E-02
8152.4	2.98E-02
8204	2.57E-02
8256.2	2.09E-02
8309.1	1.71E-02
8362.8	1.49E-02
8417.1	1.44E-02
8472.1	1.45E-02
8527.8	1.38E-02
8584.3	1.45E-02
8641.5	1.55E-02
8699.5	1.35E-02
8758.3	1.06E-02
8817.9	1.00E-02
8878.3	1.07E-02
8939.5	1.15E-02
9001.6	1.22E-02
9064.5	1.28E-02
9128.4	1.48E-02
9193.1	1.90E-02
9258.8	2.50E-02
9325.4	3.06E-02
9393	3.18E-02
9461.5	3.11E-02
9531.1	3.06E-02
9601.7	3.11E-02
9673.3	3.54E-02
9746.1	3.54E-02
9819.9	2.62E-02
9894.9	1.93E-02
9971	1.66E-02
10048	1.41E-02
10127	1.32E-02
10207	1.37E-02
10288	1.47E-02
10370	1.44E-02
10453	1.23E-02
10538	1.15E-02
10625	1.21E-02
10713	1.19E-02
10802	1.27E-02
10893	1.62E-02
10985	2.04E-02
11079	1.96E-02
11174	1.33E-02
11272	8.86E-03
11370	8.35E-03
11471	8.18E-03
11573	8.04E-03
11678	9.07E-03
11784	1.13E-02
11892	1.16E-02
12002	9.75E-03
12114	8.56E-03
12229	7.48E-03
12345	6.54E-03
12464	8.22E-03
12585	1.04E-02
12708	1.47E-02
12834	2.89E-02
12962	5.72E-02
13093	8.91E-02
13227	1.05E-01
13363	9.07E-02
13502	5.66E-02
13645	2.82E-02
13790	1.77E-02
13938	2.17E-02
14089	1.32E-01
14244	3.22E-01
14403	2.90E-01
14564	9.05E-02
14730	1.67E-02
14899	1.73E-02
15072	1.28E-02
15250	1.18E-02
15431	1.06E-02
15617	1.13E-02
15808	1.22E-02
16003	1.42E-02
16203	1.54E-02
16408	1.67E-02
16618	1.86E-02
16834	1.89E-02
17056	1.82E-02
17283	2.27E-02
17517	3.08E-02
17757	3.77E-02
18003	4.45E-02
18257	5.70E-02
18518	6.37E-02
18786	4.86E-02
19062	2.73E-02
19347	1.87E-02
19640	1.93E-02
19942	1.65E-02
