180	2.6115
190	2.5763
200	2.4942
210	2.4021
220	2.3215
230	2.2564
240	2.2037
250	2.1614
260	2.128
270	2.1012
280	2.0793
290	2.061
300	2.0455
310	2.0322
320	2.0206
330	2.0104
340	2.0014
350	1.9934
360	1.9863
370	1.9798
380	1.974
390	1.9687
400	1.9639
410	1.9595
420	1.9554
430	1.9517
440	1.9483
450	1.9451
460	1.9422
470	1.9394
480	1.9369
490	1.9345
500	1.9323
510	1.9302
520	1.9283
530	1.9264
540	1.9248
550	1.9231
560	1.9216
570	1.9201
580	1.9187
590	1.9175
600	1.9162
610	1.915
620	1.9139
630	1.9128
640	1.9118
650	1.9109
660	1.91
670	1.9091
680	1.9082
690	1.9074
700	1.9066
710	1.9058
720	1.9052
730	1.9045
740	1.9038
750	1.9032
760	1.9025
770	1.9019
780	1.9014
790	1.9008
800	1.9002
810	1.8997
820	1.8992
830	1.8987
840	1.8983
850	1.8978
860	1.8974
870	1.8969
880	1.8965
890	1.8961
900	1.8956
910	1.8953
920	1.8949
930	1.8945
940	1.8942
950	1.8938
960	1.8934
970	1.8931
980	1.8928
990	1.8924
1000	1.8921
1010	1.8918
1020	1.8915
1030	1.8912
1040	1.8909
1050	1.8906
1060	1.8903
1070	1.8901
1080	1.8897
1090	1.8895
1100	1.8892
1110	1.8889
1120	1.8887
1130	1.8885
1140	1.8881
1150	1.8879
1160	1.8877
1170	1.8874
1180	1.8872
1190	1.887
1200	1.8867
1210	1.8865
1220	1.8863
1230	1.886
1240	1.8858
1250	1.8856
1260	1.8853
1270	1.8851
1280	1.8849
1290	1.8847
1300	1.8845
1310	1.8843
1320	1.884
1330	1.8838
1340	1.8836
1350	1.8834
1360	1.8832
1370	1.883
1380	1.8827
1390	1.8826
1400	1.8824
1410	1.8822
1420	1.882
1430	1.8818
1440	1.8816
1450	1.8814
1460	1.8812
1470	1.881
1480	1.8808
1490	1.8806
1500	1.8804
1510	1.8802
1520	1.88
1530	1.8798
1541.95332	1.873416237
1551.57538	1.875383229
1561.318279	1.875371771
1571.184311	1.875360313
1581.175823	1.875348855
1591.295225	1.875337397
1601.544987	1.875325938
1611.927647	1.87531448
1622.445804	1.875303022
1633.102129	1.874961822
1643.899362	1.873301655
1654.840318	1.873290196
1665.927883	1.873278738
1677.165026	1.87326728
1688.554794	1.873255822
1700.100317	1.873244364
1711.804813	1.873232905
1723.671587	1.87190248
1735.704039	1.871231538
1747.905661	1.87122008
1760.280047	1.871208621
1772.830893	1.871197163
1785.562	1.871185705
1798.47728	1.871174247
1811.580757	1.871162789
1824.876577	1.87115133
1838.369004	1.871139872
1852.062434	1.871128414
1865.96139	1.871116956
1880.070536	1.871105498
1894.394675	1.869775072
1908.938759	1.86910413
1923.707893	1.869092672
1938.707342	1.868751472
1953.942535	1.867091304
1969.419073	1.867079846
1985.142739	1.867068388
2001.119498	1.86705693
2017.35551	1.867045472
2033.857139	1.867034013
2050.630954	1.867022555
2067.683748	1.867011097
2085.022538	1.866999639
2102.65458	1.86500973
2120.587376	1.864998271
2138.828689	1.864986813
2157.386548	1.864975355
2176.269267	1.864963897
2195.485449	1.863303729
2215.044007	1.862962529
2234.954174	1.862951071
2255.225516	1.862939613
2275.867953	1.862928155
2296.891767	1.862916696
2318.307626	1.861916013
2340.126601	1.860915329
2362.36018	1.860903871
2385.020295	1.859903187
2408.119339	1.858902503
2431.670189	1.858891045
2455.686233	1.858879587
2480.18139	1.858868129
2505.170143	1.857867445
2530.667563	1.856866761
2556.689342	1.856195819
2583.251822	1.854865394
2610.372033	1.854853936
2638.067728	1.854842477
2666.35742	1.854501277
2695.260426	1.85284111
2724.79691	1.851510684
2754.987928	1.850839742
2785.855481	1.850828284
2817.422566	1.848838375
2849.713237	1.847507949
2882.75266	1.846837008
2916.567184	1.845506582
2951.184409	1.843846415
2986.63326	1.842845731
3022.944069	1.841515305
3060.148661	1.839525396
3098.280449	1.838854454
3137.37453	1.837194287
3177.467797	1.835204378
3218.599051	1.833873952
3260.809131	1.831554301
3304.141045	1.830223875
3348.640118	1.827574482
3394.354152	1.826573799
3441.333593	1.824583889
3489.631719	1.822923722
3539.304844	1.82225278
3590.412533	1.820262871
3643.01784	1.818932445
3697.187574	1.818920987
3752.992573	1.818909529
3810.50802	1.817579103
3869.813778	1.816908162
3930.994761	1.81623722
3994.141337	1.814906794
4059.349779	1.81390611
4126.722747	1.812245943
4196.369835	1.810915517
4268.408162	1.808595866
4342.963027	1.806605957
4420.168642	1.802637597
4500.168934	1.798669237
4583.118442	1.794041393
4669.183313	1.78974329
4758.542413	1.783796479
4851.388567	1.777519926
4947.929951	1.771243373
4999.252205	1.768908482
5016.744947	1.766537532
5047.019029	1.765330837
5077.660713	1.762947404
5108.676737	1.759387236
5140.074002	1.75818054
5171.85958	1.75520874
5204.04072	1.751648571
5236.624853	1.751030243
5269.619595	1.748058443
5303.032758	1.744498274
5336.872352	1.743291579
5371.146593	1.739143042
5405.863908	1.73675961
5441.032945	1.734376177
5476.662579	1.730816009
5512.761917	1.729020945
5549.340309	1.72428404
5586.407355	1.721900608
5623.972912	1.716575334
5662.047106	1.715368639
5700.640337	1.710631733
5739.763291	1.707659933
5779.426951	1.702923028
5819.642602	1.700539596
5860.42185	1.695214323
5901.776625	1.691654154
5943.719198	1.686917249
5986.262191	1.681591976
6029.418588	1.678031807
6073.201754	1.672706534
6117.625442	1.666792892
6162.703811	1.662055987
6208.451442	1.657319082
6254.883348	1.650817072
6302.015001	1.644903431
6349.862336	1.638401421
6398.441782	1.63248778
6447.770269	1.625397402
6497.865256	1.618307024
6548.74475	1.611216646
6600.427324	1.604714636
6652.932143	1.596447522
6706.278986	1.587003671
6760.488274	1.578148189
6815.581089	1.568704338
6871.579212	1.558083751
6928.505139	1.547463163
6986.382124	1.53566584
7045.2342	1.523868516
7105.086219	1.511482824
7165.963884	1.497920396
7227.893786	1.482004495
7290.903444	1.46726533
7355.021346	1.449584324
7420.276989	1.43131495
7486.700927	1.410692104
7554.324818	1.389480889
7623.181474	1.365327832
7693.304916	1.338821303
7764.730425	1.31054967
7837.494608	1.278747827
7911.635454	1.246357616
7987.192406	1.211613932
8064.206427	1.177458616
8142.720076	1.1433033
8222.777584	1.110913089
8304.424939	1.079111246
8387.709977	1.047897772
8472.682469	1.017272665
8559.394224	0.98605919
8647.899195	0.953668979
8738.25359	0.922455505
8830.515989	0.890065294
8924.747473	0.860028555
9021.011761	0.834698763
9119.375348	0.814075916
9219.907663	0.799925119
9322.681228	0.795776583
9427.771839	0.801630305
9535.258745	0.825723443
9635.964228	0.863469219
9719.955613	0.905985772
9795.853436	0.947445758
9872.945876	0.990670849
9941.404047	1.033310068
10020.81373	1.080830247
10081.20854	1.130944239
10152.59577	1.172406722
10193.84424	1.211229038
10235.42925	1.249168801
10279.46024	1.294698015
10330.24753	1.34357943
10372.95521	1.385049402
10405.21843	1.42210911
10450.72559	1.470462491
10503.22362	1.520049948
10547.37658	1.566815235
10591.90233	1.610932864
10636.8056	1.655638862
10673.00327	1.703406372
10727.76408	1.762701904
10773.82918	1.813879952
10820.2916	1.866823105
10867.15649	1.917118601
10914.42912	1.960353678
10952.54437	2.00623841
11010.21902	2.053295883
11046.57515	2.093591616
11097.87897	2.145298696
11157.09854	2.193297559
11186.11471	2.242126295
11257.21489	2.296830392
11286.75483	2.344482392
11364.2892	2.398008753
11370.5838	2.445390786
11432.46824	2.503901883
11497.9565	2.562726221
11528.77513	2.598140162
11649.21075	2.66183797
11758.39686	2.699179379
11789.96983	2.751958707
11860.29773	2.806244086
11897.79187	2.853306885
11986.20697	2.882709761
12054.99415	2.929620198
12160.15922	2.979642939
12246.21937	3.064981074
12380.01739	3.108912869
12463.47748	3.153447195
12521.23312	3.200574621
12695.46238	3.251823448
12858.11406	3.2934373
13058.88337	3.329697893
13266.02185	3.342612034
13479.83744	3.339051865
13700.65831	3.323724332
13928.83445	3.299571276
14164.73958	3.264827592
