1538.46	2.46306
1539.41	2.46305
1540.36	2.46304
1541.31	2.46302
1542.26	2.46301
1543.21	2.463
1544.16	2.46299
1545.12	2.46297
1546.07	2.46296
1547.03	2.46295
1547.99	2.46293
1548.95	2.46292
1549.91	2.46291
1550.87	2.4629
1551.83	2.46288
1552.8	2.46287
1553.76	2.46286
1554.73	2.46284
1555.69	2.46283
1556.66	2.46282
1557.63	2.4628
1558.6	2.46279
1559.58	2.46278
1560.55	2.46276
1561.52	2.46275
1562.5	2.46274
1563.48	2.46272
1564.46	2.46271
1565.44	2.4627
1566.42	2.46268
1567.4	2.46267
1568.38	2.46266
1569.37	2.46264
1570.35	2.46263
1571.34	2.46262
1572.33	2.4626
1573.32	2.46259
1574.31	2.46258
1575.3	2.46256
1576.29	2.46255
1577.29	2.46253
1578.28	2.46252
1579.28	2.46251
1580.28	2.46249
1581.28	2.46248
1582.28	2.46246
1583.28	2.46245
1584.28	2.46244
1585.29	2.46242
1586.29	2.46241
1587.3	2.4624
1588.31	2.46238
1589.32	2.46237
1590.33	2.46235
1591.34	2.46234
1592.36	2.46232
1593.37	2.46231
1594.39	2.4623
1595.41	2.46228
1596.42	2.46227
1597.44	2.46225
1598.47	2.46224
1599.49	2.46223
1600.51	2.46221
1601.54	2.4622
1602.56	2.46218
1603.59	2.46217
1604.62	2.46215
1605.65	2.46214
1606.68	2.46212
1607.72	2.46211
1608.75	2.4621
1609.79	2.46208
1610.82	2.46207
1611.86	2.46205
1612.9	2.46204
1613.94	2.46202
1614.99	2.46201
1616.03	2.46199
1617.08	2.46198
1618.12	2.46196
1619.17	2.46195
1620.22	2.46193
1621.27	2.46192
1622.32	2.4619
1623.38	2.46189
1624.43	2.46187
1625.49	2.46186
1626.55	2.46184
1627.6	2.46183
1628.66	2.46181
1629.73	2.4618
1630.79	2.46178
1631.85	2.46177
1632.92	2.46175
1633.99	2.46174
1635.06	2.46172
1636.13	2.46171
1637.2	2.46169
1638.27	2.46167
1639.34	2.46166
1640.42	2.46164
1641.5	2.46163
1642.58	2.46161
1643.66	2.4616
1644.74	2.46158
1645.82	2.46157
1646.9	2.46155
1647.99	2.46153
1649.08	2.46152
1650.17	2.4615
1651.25	2.46149
1652.35	2.46147
1653.44	2.46146
1654.53	2.46144
1655.63	2.46142
1656.73	2.46141
1657.82	2.46139
1658.93	2.46138
1660.03	2.46136
1661.13	2.46134
1662.23	2.46133
1663.34	2.46131
1664.45	2.46129
1665.56	2.46128
1666.67	2.46126
1667.78	2.46125
1668.89	2.46123
1670.01	2.46121
1671.12	2.4612
1672.24	2.46118
1673.36	2.46116
1674.48	2.46115
1675.6	2.46113
1676.73	2.46111
1677.85	2.4611
1678.98	2.46108
1680.11	2.46106
1681.24	2.46105
1682.37	2.46103
1683.5	2.46101
1684.64	2.461
1685.77	2.46098
1686.91	2.46096
1688.05	2.46095
1689.19	2.46093
1690.33	2.46091
1691.47	2.4609
1692.62	2.46088
1693.77	2.46086
1694.92	2.46084
1696.07	2.46083
1697.22	2.46081
1698.37	2.46079
1699.52	2.46077
1700.68	2.46076
1701.84	2.46074
1703	2.46072
1704.16	2.46071
1705.32	2.46069
1706.48	2.46067
1707.65	2.46065
1708.82	2.46063
1709.99	2.46062
1711.16	2.4606
1712.33	2.46058
1713.5	2.46056
1714.68	2.46055
1715.85	2.46053
1717.03	2.46051
1718.21	2.46049
1719.39	2.46047
1720.58	2.46046
1721.76	2.46044
1722.95	2.46042
1724.14	2.4604
1725.33	2.46038
1726.52	2.46037
1727.71	2.46035
1728.91	2.46033
1730.1	2.46031
1731.3	2.46029
1732.5	2.46027
1733.7	2.46026
1734.91	2.46024
1736.11	2.46022
1737.32	2.4602
1738.53	2.46018
1739.74	2.46016
1740.95	2.46015
1742.16	2.46013
1743.38	2.46011
1744.59	2.46009
1745.81	2.46007
1747.03	2.46005
1748.25	2.46003
1749.48	2.46001
1750.7	2.45999
1751.93	2.45998
1753.16	2.45996
1754.39	2.45994
1755.62	2.45992
1756.85	2.4599
1758.09	2.45988
1759.32	2.45986
1760.56	2.45984
1761.8	2.45982
1763.05	2.4598
1764.29	2.45978
1765.54	2.45976
1766.78	2.45974
1768.03	2.45972
1769.29	2.4597
1770.54	2.45969
1771.79	2.45967
1773.05	2.45965
1774.31	2.45963
1775.57	2.45961
1776.83	2.45959
1778.09	2.45957
1779.36	2.45955
1780.63	2.45953
1781.9	2.45951
1783.17	2.45949
1784.44	2.45947
1785.71	2.45945
1786.99	2.45943
1788.27	2.45941
1789.55	2.45938
1790.83	2.45936
1792.11	2.45934
1793.4	2.45932
1794.69	2.4593
1795.98	2.45928
1797.27	2.45926
1798.56	2.45924
1799.86	2.45922
1801.15	2.4592
1802.45	2.45918
1803.75	2.45916
1805.05	2.45914
1806.36	2.45912
1807.66	2.4591
1808.97	2.45907
1810.28	2.45905
1811.59	2.45903
1812.91	2.45901
1814.22	2.45899
1815.54	2.45897
1816.86	2.45895
1818.18	2.45893
1819.51	2.4589
1820.83	2.45888
1822.16	2.45886
1823.49	2.45884
1824.82	2.45882
1826.15	2.4588
1827.49	2.45877
1828.82	2.45875
1830.16	2.45873
1831.5	2.45871
1832.84	2.45869
1834.19	2.45867
1835.54	2.45864
1836.88	2.45862
1838.24	2.4586
1839.59	2.45858
1840.94	2.45856
1842.3	2.45853
1843.66	2.45851
1845.02	2.45849
1846.38	2.45847
1847.75	2.45844
1849.11	2.45842
1850.48	2.4584
1851.85	2.45838
1853.22	2.45835
1854.6	2.45833
1855.98	2.45831
1857.36	2.45828
1858.74	2.45826
1860.12	2.45824
1861.5	2.45822
1862.89	2.45819
1864.28	2.45817
1865.67	2.45815
1867.06	2.45812
1868.46	2.4581
1869.86	2.45808
1871.26	2.45805
1872.66	2.45803
1874.06	2.45801
1875.47	2.45798
1876.88	2.45796
1878.29	2.45794
1879.7	2.45791
1881.11	2.45789
1882.53	2.45786
1883.95	2.45784
1885.37	2.45782
1886.79	2.45779
1888.22	2.45777
1889.64	2.45774
1891.07	2.45772
1892.51	2.4577
1893.94	2.45767
1895.38	2.45765
1896.81	2.45762
1898.25	2.4576
1899.7	2.45757
1901.14	2.45755
1902.59	2.45752
1904.04	2.4575
1905.49	2.45747
1906.94	2.45745
1908.4	2.45742
1909.85	2.4574
1911.31	2.45738
1912.78	2.45735
1914.24	2.45732
1915.71	2.4573
1917.18	2.45727
1918.65	2.45725
1920.12	2.45722
1921.6	2.4572
1923.08	2.45717
1924.56	2.45715
1926.04	2.45712
1927.53	2.4571
1929.01	2.45707
1930.5	2.45704
1931.99	2.45702
1933.49	2.45699
1934.98	2.45697
1936.48	2.45694
1937.98	2.45691
1939.49	2.45689
1940.99	2.45686
1942.5	2.45684
1944.01	2.45681
1945.53	2.45678
1947.04	2.45676
1948.56	2.45673
1950.08	2.4567
1951.6	2.45668
1953.13	2.45665
1954.65	2.45662
1956.18	2.4566
1957.71	2.45657
1959.25	2.45654
1960.78	2.45651
1962.32	2.45649
1963.86	2.45646
1965.41	2.45643
1966.96	2.45641
1968.5	2.45638
1970.06	2.45635
1971.61	2.45632
1973.16	2.4563
1974.72	2.45627
1976.28	2.45624
1977.85	2.45621
1979.41	2.45618
1980.98	2.45616
1982.55	2.45613
1984.13	2.4561
1985.7	2.45607
1987.28	2.45604
1988.86	2.45602
1990.45	2.45599
1992.03	2.45596
1993.62	2.45593
1995.21	2.4559
1996.81	2.45587
1998.4	2.45584
2000	2.45582
2001.6	2.45579
2003.21	2.45576
2004.81	2.45573
2006.42	2.4557
2008.03	2.45567
2009.65	2.45564
2011.26	2.45561
2012.88	2.45558
2014.5	2.45555
2016.13	2.45552
2017.76	2.45549
2019.39	2.45546
2021.02	2.45543
2022.65	2.4554
2024.29	2.45537
2025.93	2.45534
2027.58	2.45531
2029.22	2.45528
2030.87	2.45525
2032.52	2.45522
2034.17	2.45519
2035.83	2.45516
2037.49	2.45513
2039.15	2.4551
2040.82	2.45507
2042.48	2.45504
2044.15	2.45501
2045.83	2.45498
2047.5	2.45495
2049.18	2.45491
2050.86	2.45488
2052.55	2.45485
2054.23	2.45482
2055.92	2.45479
2057.61	2.45476
2059.31	2.45473
2061.01	2.45469
2062.71	2.45466
2064.41	2.45463
2066.12	2.4546
2067.82	2.45457
2069.54	2.45453
2071.25	2.4545
2072.97	2.45447
2074.69	2.45444
2076.41	2.4544
2078.14	2.45437
2079.87	2.45434
2081.6	2.45431
2083.33	2.45427
2085.07	2.45424
2086.81	2.45421
2088.55	2.45417
2090.3	2.45414
2092.05	2.45411
2093.8	2.45407
2095.56	2.45404
2097.32	2.45401
2099.08	2.45397
2100.84	2.45394
2102.61	2.45391
2104.38	2.45387
2106.15	2.45384
2107.93	2.4538
2109.7	2.45377
2111.49	2.45374
2113.27	2.4537
2115.06	2.45367
2116.85	2.45363
2118.64	2.4536
2120.44	2.45356
2122.24	2.45353
2124.04	2.45349
2125.85	2.45346
2127.66	2.45342
2129.47	2.45339
2131.29	2.45335
2133.11	2.45332
2134.93	2.45328
2136.75	2.45325
2138.58	2.45321
2140.41	2.45317
2142.25	2.45314
2144.08	2.4531
2145.92	2.45307
2147.77	2.45303
2149.61	2.45299
2151.46	2.45296
2153.32	2.45292
2155.17	2.45288
2157.03	2.45285
2158.89	2.45281
2160.76	2.45277
2162.63	2.45274
2164.5	2.4527
2166.38	2.45266
2168.26	2.45263
2170.14	2.45259
2172.02	2.45255
2173.91	2.45251
2175.81	2.45248
2177.7	2.45244
2179.6	2.4524
2181.5	2.45236
2183.41	2.45232
2185.31	2.45229
2187.23	2.45225
2189.14	2.45221
2191.06	2.45217
2192.98	2.45213
2194.91	2.45209
2196.84	2.45205
2198.77	2.45201
2200.7	2.45198
2202.64	2.45194
2204.59	2.4519
2206.53	2.45186
2208.48	2.45182
2210.43	2.45178
2212.39	2.45174
2214.35	2.4517
2216.31	2.45166
2218.28	2.45162
2220.25	2.45158
2222.22	2.45154
2224.2	2.4515
2226.18	2.45146
2228.16	2.45142
2230.15	2.45138
2232.14	2.45133
2234.14	2.45129
2236.14	2.45125
2238.14	2.45121
2240.14	2.45117
2242.15	2.45113
2244.17	2.45109
2246.18	2.45104
2248.2	2.451
2250.23	2.45096
2252.25	2.45092
2254.28	2.45088
2256.32	2.45083
2258.36	2.45079
2260.4	2.45075
2262.44	2.45071
2264.49	2.45066
2266.55	2.45062
2268.6	2.45058
2270.66	2.45053
2272.73	2.45049
2274.8	2.45045
2276.87	2.4504
2278.94	2.45036
2281.02	2.45032
2283.11	2.45027
2285.19	2.45023
2287.28	2.45018
2289.38	2.45014
2291.48	2.45009
2293.58	2.45005
2295.68	2.45
2297.79	2.44996
2299.91	2.44991
2302.03	2.44987
2304.15	2.44982
2306.27	2.44978
2308.4	2.44973
2310.54	2.44969
2312.67	2.44964
2314.81	2.44959
2316.96	2.44955
2319.11	2.4495
2321.26	2.44946
2323.42	2.44941
2325.58	2.44936
2327.75	2.44932
2329.92	2.44927
2332.09	2.44922
2334.27	2.44917
2336.45	2.44913
2338.63	2.44908
2340.82	2.44903
2343.02	2.44898
2345.22	2.44894
2347.42	2.44889
2349.62	2.44884
2351.83	2.44879
2354.05	2.44874
2356.27	2.44869
2358.49	2.44864
2360.72	2.4486
2362.95	2.44855
2365.18	2.4485
2367.42	2.44845
2369.67	2.4484
2371.92	2.44835
2374.17	2.4483
2376.43	2.44825
2378.69	2.4482
2380.95	2.44815
2383.22	2.4481
2385.5	2.44805
2387.77	2.44799
2390.06	2.44794
2392.34	2.44789
2394.64	2.44784
2396.93	2.44779
2399.23	2.44774
2401.54	2.44769
2403.85	2.44763
2406.16	2.44758
2408.48	2.44753
2410.8	2.44748
2413.13	2.44742
2415.46	2.44737
2417.79	2.44732
2420.14	2.44727
2422.48	2.44721
2424.83	2.44716
2427.18	2.44711
2429.54	2.44705
2431.91	2.447
2434.27	2.44694
2436.65	2.44689
2439.02	2.44683
2441.41	2.44678
2443.79	2.44672
2446.18	2.44667
2448.58	2.44661
2450.98	2.44656
2453.39	2.4465
2455.8	2.44645
2458.21	2.44639
2460.63	2.44634
2463.05	2.44628
2465.48	2.44622
2467.92	2.44617
2470.36	2.44611
2472.8	2.44605
2475.25	2.44599
2477.7	2.44594
2480.16	2.44588
2482.62	2.44582
2485.09	2.44576
2487.56	2.44571
2490.04	2.44565
2492.52	2.44559
2495.01	2.44553
2497.5	2.44547
2500	2.44541
2502.5	2.44535
2505.01	2.44529
2507.52	2.44523
2510.04	2.44517
2512.56	2.44511
2515.09	2.44505
2517.62	2.44499
2520.16	2.44493
2522.7	2.44487
2525.25	2.44481
2527.81	2.44475
2530.36	2.44469
2532.93	2.44463
2535.5	2.44456
2538.07	2.4445
2540.65	2.44444
2543.23	2.44438
2545.82	2.44431
2548.42	2.44425
2551.02	2.44419
2553.63	2.44413
2556.24	2.44406
2558.85	2.444
2561.48	2.44393
2564.1	2.44387
2566.74	2.44381
2569.37	2.44374
2572.02	2.44368
2574.67	2.44361
2577.32	2.44355
2579.98	2.44348
2582.64	2.44341
2585.32	2.44335
2587.99	2.44328
2590.67	2.44322
2593.36	2.44315
2596.05	2.44308
2598.75	2.44301
2601.46	2.44295
2604.17	2.44288
2606.88	2.44281
2609.6	2.44274
2612.33	2.44268
2615.06	2.44261
2617.8	2.44254
2620.55	2.44247
2623.29	2.4424
2626.05	2.44233
2628.81	2.44226
2631.58	2.44219
2634.35	2.44212
2637.13	2.44205
2639.92	2.44198
2642.71	2.44191
2645.5	2.44184
2648.31	2.44177
2651.11	2.44169
2653.93	2.44162
2656.75	2.44155
2659.57	2.44148
2662.41	2.44141
2665.25	2.44133
2668.09	2.44126
2670.94	2.44119
2673.8	2.44111
2676.66	2.44104
2679.53	2.44096
2682.4	2.44089
2685.28	2.44081
2688.17	2.44074
2691.07	2.44066
2693.97	2.44059
2696.87	2.44051
2699.78	2.44044
2702.7	2.44036
2705.63	2.44028
2708.56	2.44021
2711.5	2.44013
2714.44	2.44005
2717.39	2.43997
2720.35	2.4399
2723.31	2.43982
2726.28	2.43974
2729.26	2.43966
2732.24	2.43958
2735.23	2.4395
2738.23	2.43942
2741.23	2.43934
2744.24	2.43926
2747.25	2.43918
2750.28	2.4391
2753.3	2.43902
2756.34	2.43894
2759.38	2.43885
2762.43	2.43877
2765.49	2.43869
2768.55	2.43861
2771.62	2.43852
2774.69	2.43844
2777.78	2.43836
2780.87	2.43827
2783.96	2.43819
2787.07	2.4381
2790.18	2.43802
2793.3	2.43793
2796.42	2.43785
2799.55	2.43776
2802.69	2.43768
2805.84	2.43759
2808.99	2.4375
2812.15	2.43742
2815.32	2.43733
2818.49	2.43724
2821.67	2.43715
2824.86	2.43706
2828.05	2.43697
2831.26	2.43688
2834.47	2.4368
2837.68	2.43671
2840.91	2.43662
2844.14	2.43652
2847.38	2.43643
2850.63	2.43634
2853.88	2.43625
2857.14	2.43616
2860.41	2.43607
2863.69	2.43597
2866.97	2.43588
2870.26	2.43579
2873.56	2.43569
2876.87	2.4356
2880.18	2.4355
2883.51	2.43541
2886.84	2.43531
2890.17	2.43522
2893.52	2.43512
2896.87	2.43503
2900.23	2.43493
2903.6	2.43483
2906.98	2.43473
2910.36	2.43464
2913.75	2.43454
2917.15	2.43444
2920.56	2.43434
2923.98	2.43424
2927.4	2.43414
2930.83	2.43404
2934.27	2.43394
2937.72	2.43384
2941.18	2.43374
2944.64	2.43364
2948.11	2.43353
2951.59	2.43343
2955.08	2.43333
2958.58	2.43322
2962.09	2.43312
2965.6	2.43302
2969.12	2.43291
2972.65	2.43281
2976.19	2.4327
2979.74	2.43259
2983.29	2.43249
2986.86	2.43238
2990.43	2.43227
2994.01	2.43217
2997.6	2.43206
3001.2	2.43195
3004.81	2.43184
3008.42	2.43173
3012.05	2.43162
3015.68	2.43151
3019.32	2.4314
3022.97	2.43129
3026.63	2.43118
3030.3	2.43106
3033.98	2.43095
3037.67	2.43084
3041.36	2.43072
3045.07	2.43061
3048.78	2.43049
3052.5	2.43038
3056.23	2.43026
3059.98	2.43015
3063.73	2.43003
3067.48	2.42991
3071.25	2.4298
3075.03	2.42968
3078.82	2.42956
3082.61	2.42944
3086.42	2.42932
3090.23	2.4292
3094.06	2.42908
3097.89	2.42896
3101.74	2.42884
3105.59	2.42871
3109.45	2.42859
3113.33	2.42847
3117.21	2.42834
3121.1	2.42822
3125	2.4281
3128.91	2.42797
3132.83	2.42784
3136.76	2.42772
3140.7	2.42759
3144.65	2.42746
3148.61	2.42733
3152.59	2.42721
3156.57	2.42708
3160.56	2.42695
3164.56	2.42682
3168.57	2.42668
3172.59	2.42655
3176.62	2.42642
3180.66	2.42629
3184.71	2.42615
3188.78	2.42602
3192.85	2.42589
3196.93	2.42575
3201.02	2.42562
3205.13	2.42548
3209.24	2.42534
3213.37	2.4252
3217.5	2.42507
3221.65	2.42493
3225.81	2.42479
3229.97	2.42465
3234.15	2.42451
3238.34	2.42437
3242.54	2.42422
3246.75	2.42408
3250.98	2.42394
3255.21	2.42379
3259.45	2.42365
3263.71	2.4235
3267.97	2.42336
3272.25	2.42321
3276.54	2.42306
3280.84	2.42292
3285.15	2.42277
3289.47	2.42262
3293.81	2.42247
3298.15	2.42232
3302.51	2.42217
3306.88	2.42201
3311.26	2.42186
3315.65	2.42171
3320.05	2.42155
3324.47	2.4214
3328.89	2.42124
3333.33	2.42108
3337.78	2.42093
3342.25	2.42077
3346.72	2.42061
3351.21	2.42045
3355.7	2.42029
3360.22	2.42013
3364.74	2.41997
3369.27	2.41981
3373.82	2.41964
3378.38	2.41948
3382.95	2.41931
3387.53	2.41915
3392.13	2.41898
3396.74	2.41881
3401.36	2.41865
3405.99	2.41848
3410.64	2.41831
3415.3	2.41814
3419.97	2.41796
3424.66	2.41779
3429.36	2.41762
3434.07	2.41744
3438.79	2.41727
3443.53	2.41709
3448.28	2.41692
3453.04	2.41674
3457.81	2.41656
3462.6	2.41638
3467.41	2.4162
3472.22	2.41602
3477.05	2.41584
3481.89	2.41566
3486.75	2.41547
3491.62	2.41529
3496.5	2.4151
3501.4	2.41491
3506.31	2.41473
3511.24	2.41454
3516.17	2.41435
3521.13	2.41416
3526.09	2.41397
3531.07	2.41377
3536.07	2.41358
3541.08	2.41339
3546.1	2.41319
3551.14	2.41299
3556.19	2.4128
3561.25	2.4126
3566.33	2.4124
3571.43	2.4122
3576.54	2.412
3581.66	2.41179
3586.8	2.41159
3591.95	2.41138
3597.12	2.41118
3602.31	2.41097
3607.5	2.41076
3612.72	2.41055
3617.95	2.41034
3623.19	2.41013
3628.45	2.40992
3633.72	2.40971
3639.01	2.40949
3644.31	2.40927
3649.64	2.40906
3654.97	2.40884
3660.32	2.40862
3665.69	2.4084
3671.07	2.40818
3676.47	2.40795
3681.89	2.40773
3687.32	2.4075
3692.76	2.40728
3698.22	2.40705
3703.7	2.40682
3709.2	2.40659
3714.71	2.40636
3720.24	2.40612
3725.78	2.40589
3731.34	2.40565
3736.92	2.40542
3742.51	2.40518
3748.13	2.40494
3753.75	2.4047
3759.4	2.40445
3765.06	2.40421
3770.74	2.40396
3776.44	2.40372
3782.15	2.40347
3787.88	2.40322
3793.63	2.40297
3799.39	2.40272
3805.18	2.40246
3810.98	2.40221
3816.79	2.40195
3822.63	2.40169
3828.48	2.40143
3834.36	2.40117
3840.25	2.40091
3846.15	2.40064
3852.08	2.40038
3858.02	2.40011
3863.99	2.39984
3869.97	2.39957
3875.97	2.3993
3881.99	2.39902
3888.02	2.39875
3894.08	2.39847
3900.16	2.39819
3906.25	2.39791
3912.36	2.39763
3918.5	2.39734
3924.65	2.39706
3930.82	2.39677
3937.01	2.39648
3943.22	2.39619
3949.45	2.3959
3955.7	2.3956
3961.97	2.39531
3968.25	2.39501
3974.56	2.39471
3980.89	2.39441
3987.24	2.3941
3993.61	2.3938
4000	2.39349
4006.41	2.39318
4012.84	2.39287
4019.29	2.39256
4025.76	2.39224
4032.26	2.39192
4038.77	2.3916
4045.31	2.39128
4051.86	2.39096
4058.44	2.39063
4065.04	2.3903
4071.66	2.38997
4078.3	2.38964
4084.97	2.38931
4091.65	2.38897
4098.36	2.38863
4105.09	2.38829
4111.84	2.38795
4118.62	2.3876
4125.41	2.38726
4132.23	2.38691
4139.07	2.38655
4145.94	2.3862
4152.82	2.38584
4159.73	2.38548
4166.67	2.38512
4173.62	2.38476
4180.6	2.38439
4187.6	2.38402
4194.63	2.38365
4201.68	2.38328
4208.75	2.3829
4215.85	2.38252
4222.97	2.38214
4230.12	2.38175
4237.29	2.38137
4244.48	2.38098
4251.7	2.38058
4258.94	2.38019
4266.21	2.37979
4273.5	2.37939
4280.82	2.37898
4288.16	2.37858
4295.53	2.37817
4302.93	2.37776
4310.34	2.37734
4317.79	2.37692
4325.26	2.3765
4332.76	2.37608
4340.28	2.37565
4347.83	2.37522
4355.4	2.37478
4363	2.37435
4370.63	2.37391
4378.28	2.37346
4385.96	2.37302
4393.67	2.37256
4401.41	2.37211
4409.17	2.37165
4416.96	2.37119
4424.78	2.37073
4432.62	2.37026
4440.5	2.36979
4448.4	2.36932
4456.33	2.36884
4464.29	2.36836
4472.27	2.36787
4480.29	2.36738
4488.33	2.36689
4496.4	2.36639
4504.5	2.36589
4512.64	2.36539
4520.8	2.36488
4528.99	2.36436
4537.21	2.36385
4545.45	2.36333
4553.73	2.3628
4562.04	2.36227
4570.38	2.36174
4578.75	2.3612
4587.16	2.36066
4595.59	2.36011
4604.05	2.35956
4612.55	2.359
4621.07	2.35844
4629.63	2.35788
4638.22	2.35731
4646.84	2.35673
4655.49	2.35615
4664.18	2.35557
4672.9	2.35498
4681.65	2.35439
4690.43	2.35379
4699.25	2.35318
4708.1	2.35257
4716.98	2.35196
4725.9	2.35134
4734.85	2.35071
4743.83	2.35008
4752.85	2.34945
4761.9	2.3488
4770.99	2.34816
4780.11	2.3475
4789.27	2.34684
4798.46	2.34618
4807.69	2.34551
4816.96	2.34483
4826.25	2.34415
4835.59	2.34346
4844.96	2.34276
4854.37	2.34206
4863.81	2.34135
4873.29	2.34064
4882.81	2.33991
4892.37	2.33919
4901.96	2.33845
4911.59	2.33771
4921.26	2.33696
4930.97	2.3362
4940.71	2.33544
4950.5	2.33467
4960.32	2.33389
4970.18	2.3331
4980.08	2.33231
4990.02	2.33151
5000	2.3307
5010.02	2.32988
5020.08	2.32906
5030.18	2.32822
5040.32	2.32738
5050.51	2.32653
5060.73	2.32567
5070.99	2.32481
5081.3	2.32393
5091.65	2.32305
5102.04	2.32215
5112.47	2.32125
5122.95	2.32034
5133.47	2.31942
5144.03	2.31849
5154.64	2.31755
5165.29	2.3166
5175.98	2.31564
5186.72	2.31466
5197.51	2.31368
5208.33	2.31269
5219.21	2.31169
5230.13	2.31068
5241.09	2.30966
5252.1	2.30862
5263.16	2.30758
5274.26	2.30652
5285.41	2.30546
5296.61	2.30438
5307.86	2.30329
5319.15	2.30219
5330.49	2.30107
5341.88	2.29995
5353.32	2.29881
5364.81	2.29766
5376.34	2.2965
5387.93	2.29532
5399.57	2.29413
5411.26	2.29293
5422.99	2.29171
5434.78	2.29049
5446.62	2.28924
5458.52	2.28799
5470.46	2.28672
5482.46	2.28544
5494.51	2.28414
5506.61	2.28283
5518.76	2.28151
5530.97	2.28017
5543.24	2.27881
5555.56	2.27745
5567.93	2.27606
5580.36	2.27467
5592.84	2.27325
5605.38	2.27183
5617.98	2.27038
5630.63	2.26893
5643.34	2.26746
5656.11	2.26597
5668.93	2.26447
5681.82	2.26295
5694.76	2.26142
5707.76	2.25987
5720.82	2.25831
5733.94	2.25673
5747.13	2.25514
5760.37	2.25354
5773.67	2.25191
5787.04	2.25028
5800.46	2.24863
5813.95	2.24697
5827.51	2.24529
5841.12	2.2436
5854.8	2.2419
5868.54	2.24018
5882.35	2.23845
5896.23	2.23671
5910.17	2.23495
5924.17	2.23318
5938.24	2.23141
5952.38	2.22962
5966.59	2.22782
5980.86	2.22601
5995.2	2.22419
6009.62	2.22236
6024.1	2.22053
6038.65	2.21868
6053.27	2.21683
6067.96	2.21497
6082.73	2.2131
6097.56	2.21123
6112.47	2.20936
6127.45	2.20747
6142.51	2.20559
6157.64	2.2037
6172.84	2.2018
6188.12	2.19991
6203.47	2.19801
6218.91	2.19611
6234.41	2.1942
6250	2.1923
6265.66	2.19039
6281.41	2.18849
6297.23	2.18658
6313.13	2.18467
6329.11	2.18277
6345.18	2.18086
6361.32	2.17895
6377.55	2.17704
6393.86	2.17513
6410.26	2.17322
6426.74	2.17131
6443.3	2.1694
6459.95	2.16749
6476.68	2.16558
6493.51	2.16366
6510.42	2.16174
6527.42	2.15982
6544.5	2.1579
6561.68	2.15597
6578.95	2.15404
6596.31	2.15211
6613.76	2.15017
6631.3	2.14823
6648.94	2.14628
6666.67	2.14433
6684.49	2.14237
6702.41	2.1404
6720.43	2.13843
6738.54	2.13646
6756.76	2.13448
6775.07	2.13249
6793.48	2.1305
6811.99	2.1285
6830.6	2.1265
6849.32	2.12449
6868.13	2.12248
6887.05	2.12047
6906.08	2.11845
6925.21	2.11644
6944.44	2.11442
6963.79	2.1124
6983.24	2.11038
7002.8	2.10836
7022.47	2.10634
7042.25	2.10433
7062.15	2.10231
7082.15	2.1003
7102.27	2.0983
7122.51	2.09629
7142.86	2.09429
7163.32	2.09229
7183.91	2.0903
7204.61	2.0883
7225.43	2.08631
7246.38	2.08432
7267.44	2.08233
7288.63	2.08033
7309.94	2.07833
7331.38	2.07632
7352.94	2.0743
7374.63	2.07227
7396.45	2.07023
7418.4	2.06816
7440.48	2.06608
7462.69	2.06397
7485.03	2.06184
7507.51	2.05967
7530.12	2.05746
7552.87	2.05521
7575.76	2.05292
7598.78	2.05058
7621.95	2.04819
7645.26	2.04574
7668.71	2.04323
7692.31	2.04065
7716.05	2.03801
7739.94	2.03529
7763.98	2.03249
7788.16	2.02961
7812.5	2.02665
7836.99	2.0236
7861.64	2.02046
7886.44	2.01722
7911.39	2.01389
7936.51	2.01045
7961.78	2.00691
7987.22	2.00326
8012.82	1.99949
8038.59	1.99561
8064.52	1.99161
8090.61	1.98748
8116.88	1.98322
8143.32	1.97882
8169.93	1.97427
8196.72	1.96958
8223.68	1.96473
8250.83	1.95971
8278.15	1.95451
8305.65	1.94912
8333.33	1.94354
8361.2	1.93774
8389.26	1.93172
8417.51	1.92547
8445.95	1.91896
8474.58	1.91219
8503.4	1.90514
8532.42	1.8978
8561.64	1.89016
8591.07	1.88219
8620.69	1.8739
8650.52	1.86525
8680.56	1.85626
8710.8	1.8469
8741.26	1.83716
8771.93	1.82705
8802.82	1.81655
8833.92	1.80567
8865.25	1.79441
8896.8	1.78276
8928.57	1.77075
8960.57	1.75839
8992.81	1.74569
9025.27	1.7327
9057.97	1.71943
9090.91	1.70594
9124.09	1.69229
9157.51	1.67854
9191.18	1.66479
9225.09	1.65112
9259.26	1.63766
9293.68	1.62453
9328.36	1.61188
9363.3	1.59987
9398.5	1.58868
9433.96	1.57849
9469.7	1.56947
9505.7	1.56183
9541.98	1.55572
9578.54	1.5513
9615.38	1.54871
9652.51	1.54803
9689.92	1.54934
9727.63	1.55267
9765.63	1.55799
9803.92	1.56525
9842.52	1.57438
9881.42	1.58525
9920.63	1.59774
9960.16	1.6117
10000	1.62698
10040.16	1.64343
10080.65	1.66091
10121.46	1.67931
10162.6	1.69853
10204.08	1.7185
10245.9	1.73918
10288.07	1.76058
10330.58	1.78272
10373.44	1.80566
10416.67	1.82949
10460.25	1.85429
10504.2	1.88019
10548.52	1.9073
10593.22	1.93573
10638.3	1.96556
10683.76	1.99684
10729.61	2.0296
10775.86	2.06381
10822.51	2.09938
10869.57	2.13619
10917.03	2.17407
10964.91	2.21278
11013.22	2.25209
11061.95	2.29173
11111.11	2.33144
11160.71	2.37097
11210.76	2.41012
11261.26	2.44871
11312.22	2.48665
11363.64	2.5239
11415.53	2.56046
11467.89	2.59644
11520.74	2.63198
11574.07	2.66729
11627.91	2.70261
11682.24	2.73817
11737.09	2.77423
11792.45	2.81094
11848.34	2.84838
11904.76	2.8865
11961.72	2.92505
12019.23	2.96365
12077.29	3.00181
12135.92	3.03902
12195.12	3.07481
12254.9	3.1089
12315.27	3.14118
12376.24	3.17172
12437.81	3.20077
12500	3.22861
12562.81	3.25559
12626.26	3.282
12690.36	3.30807
12755.1	3.33397
12820.51	3.35978
12886.6	3.38549
12953.37	3.41104
13020.83	3.4363
13089.01	3.46109
13157.89	3.48521
13227.51	3.50845
13297.87	3.53059
13368.98	3.55143
13440.86	3.57081
13513.51	3.58862
13586.96	3.60476
13661.2	3.61924
13736.26	3.63206
13812.15	3.64331
13888.89	3.65309
13966.48	3.66155
14044.94	3.66883
14124.29	3.67509
14204.55	3.68049
14285.71	3.68517
