298.126	0
298.813	0
299.502	0
300.193	0
300.885	0
301.578	0
302.273	0
302.97	0
303.669	0
304.369	0
305.07	0
305.774	0
306.478	0
307.185	0
307.893	0
308.603	0
309.314	0
310.027	0
310.742	0
311.458	0
312.176	0
312.896	0
313.617	0
314.34	0
315.065	0
315.791	0
316.519	0
317.249	0
317.98	0
318.713	0
319.448	0
320.184	0
320.922	0
321.662	0
322.404	0
323.147	0
323.892	0
324.638	0
325.387	0
326.137	0
326.889	0
327.642	0
328.398	0
329.155	0
329.913	0
330.674	0
331.436	0
332.2	0
332.966	0
333.734	0
334.503	0
335.274	0
336.047	0
336.822	0
337.598	0
338.376	0
339.156	0
339.938	0
340.722	0
341.507	0
342.294	0
343.084	0
343.874	0
344.667	0
345.462	0
346.258	0
347.056	0
347.856	0
348.658	0
349.462	0
350.268	0
351.075	0
351.884	0
352.695	0
353.509	0
354.323	0
355.14	0
355.959	0
356.779	0
357.602	0
358.426	0
359.253	0
360.081	0
360.911	0
361.743	0
362.577	0
363.413	0
364.25	0
365.09	0
365.932	0
366.775	0
367.621	0
368.468	0
369.317	0
370.169	0
371.022	0
371.877	0
372.735	0
373.594	0
374.455	0
375.318	0
376.184	0
377.051	0
377.92	0
378.791	0
379.664	0
380.54	0
381.417	0
382.296	0
383.177	0
384.061	0
384.946	0
385.833	0
386.723	0
387.614	0
388.508	0
389.404	0
390.301	0
391.201	0
392.103	0
393.007	0
393.913	0
394.821	0
395.731	0
396.643	0
397.557	0
398.474	0
399.392	0
400.313	0
401.236	0
402.161	0
403.088	0
404.017	0
404.949	0
405.882	0
406.818	0
407.756	0
408.696	0
409.638	0
410.582	0
411.528	0
412.477	0
413.428	0
414.381	0
415.336	0
416.294	0
417.253	0
418.215	0
419.179	0
420.146	0
421.114	0
422.085	0
423.058	0
424.033	0
425.011	0
425.99	0
426.972	0
427.957	0
428.943	0
429.932	0
430.923	0
431.917	0
432.912	0
433.91	0
434.91	0
435.913	0
436.918	0
437.925	0
438.935	0
439.946	0
440.961	0
441.977	0
442.996	0
444.017	0
445.041	0
446.067	0
447.095	0
448.126	0
449.159	0
450.194	0
451.232	0
452.272	0
453.315	0
454.36	0
455.407	0
456.457	0
457.509	0
458.564	0
459.621	0
460.681	0
461.743	0
462.807	0
463.874	0
464.943	0
466.015	0
467.089	0
468.166	0
469.245	0
470.327	0
471.411	0
472.498	0
473.587	0
474.679	0
475.773	0
476.87	0
477.969	0
479.071	0
480.175	0
481.282	0
482.392	0
483.504	0
484.618	0
485.736	0
486.855	0
487.978	0
489.102	0
490.23	0
491.36	0
492.493	0
493.628	0
494.766	0
495.907	0
497.05	0
498.196	0
499.344	0
500.495	0
501.649	0
502.805	0
503.964	0
505.126	0
506.291	0
507.458	0
508.628	0
509.8	0
510.975	0
512.153	0
513.334	0
514.517	0
515.703	0
516.892	0
518.084	0
519.278	0
520.475	0
521.675	0
522.877	0
524.083	0
525.291	0
526.502	0
527.716	0
528.932	0
530.151	0
531.373	0
532.598	0
533.826	0
535.057	0
536.29	0
537.526	0
538.766	0
540.008	0
541.252	0
542.5	0
543.751	0
545.004	0
546.261	0
547.52	0
548.782	0
550.047	0
551.315	0
552.586	0
553.86	0
555.137	0
556.416	0
557.699	0
558.985	0
560.273	0
561.565	0
562.859	0
564.157	0
565.457	0
566.761	0
568.067	0
569.377	0
570.689	0
572.005	0
573.324	0
574.645	0
575.97	0
577.298	0
578.629	0
579.962	0
581.299	0
582.639	0
583.983	0
585.329	0
586.678	0
588.031	0
589.386	0
590.745	0
592.107	0
593.471	0
594.84	0
596.211	0
597.585	0
598.963	0
600.344	7.55920438137e-322
601.728	4.89619055029e-320
603.115	3.01089533363e-318
604.505	1.81160651133e-316
605.898	1.06726121706e-314
607.295	6.15688279373e-313
608.695	3.47839237462e-311
610.098	0.00E+00
611.505	1.04E-307
612.914	5.54E-306
614.327	2.88E-304
615.744	1.47E-302
617.163	7.34E-301
618.586	3.59E-299
620.012	1.72E-297
621.441	8.10E-296
622.874	3.73E-294
624.309	1.69E-292
625.749	7.48E-291
627.191	3.25E-289
628.637	1.38E-287
630.086	5.79E-286
631.539	2.37E-284
632.994	9.54E-283
634.454	3.76E-281
635.916	1.46E-279
637.382	5.53E-278
638.851	2.06E-276
640.324	7.54E-275
641.8	2.71E-273
643.28	9.53E-272
644.763	3.30E-270
646.249	1.12E-268
647.739	3.73E-267
649.232	1.22E-265
650.729	3.93E-264
652.229	1.24E-262
653.732	3.85E-261
655.239	1.17E-259
656.75	3.51E-258
658.264	1.03E-256
659.781	2.98E-255
661.302	8.46E-254
662.827	2.36E-252
664.354	6.47E-251
665.886	1.74E-249
667.421	4.62E-248
668.96	1.20E-246
670.502	3.08E-245
672.047	7.75E-244
673.597	1.92E-242
675.149	4.67E-241
676.706	1.12E-239
678.266	2.63E-238
679.829	6.09E-237
681.396	1.39E-235
682.967	3.11E-234
684.542	6.85E-233
686.12	1.49E-231
687.701	3.17E-230
689.287	6.66E-229
690.876	1.38E-227
692.468	2.80E-226
694.065	5.60E-225
695.665	1.10E-223
697.268	2.14E-222
698.876	4.09E-221
700.487	7.70E-220
702.101	1.43E-218
703.72	2.60E-217
705.342	4.67E-216
706.968	8.26E-215
708.598	1.44E-213
710.231	2.47E-212
711.869	4.18E-211
713.51	6.96E-210
715.154	1.14E-208
716.803	1.85E-207
718.455	2.94E-206
720.112	4.62E-205
721.772	7.16E-204
723.436	1.09E-202
725.103	1.64E-201
726.775	2.43E-200
728.45	3.56E-199
730.129	5.12E-198
731.813	7.28E-197
733.5	1.02E-195
735.19	1.41E-194
736.885	1.92E-193
738.584	2.58E-192
740.287	3.41E-191
741.993	4.46E-190
743.704	5.75E-189
745.418	7.31E-188
747.136	9.17E-187
748.859	1.14E-185
750.585	1.39E-184
752.315	1.67E-183
754.05	1.99E-182
755.788	2.33E-181
757.53	2.70E-180
759.276	3.09E-179
761.027	3.49E-178
762.781	3.88E-177
764.539	4.27E-176
766.302	4.64E-175
768.068	4.97E-174
769.839	5.26E-173
771.614	5.50E-172
773.392	5.68E-171
775.175	5.79E-170
776.962	5.83E-169
778.753	5.80E-168
780.548	5.69E-167
782.348	5.53E-166
784.151	5.30E-165
785.959	5.02E-164
787.771	4.69E-163
789.587	4.34E-162
791.407	3.96E-161
793.231	3.58E-160
795.06	3.19E-159
796.893	2.81E-158
798.73	2.45E-157
800.571	2.11E-156
802.417	1.80E-155
804.266	1.51E-154
806.12	1.26E-153
807.979	1.03E-152
809.841	8.41E-152
811.708	6.76E-151
813.579	5.38E-150
815.455	4.23E-149
817.335	3.28E-148
819.219	2.53E-147
821.107	1.92E-146
823	1.44E-145
824.897	1.07E-144
826.799	7.90E-144
828.705	5.75E-143
830.615	4.14E-142
832.53	2.95E-141
834.449	2.08E-140
836.373	1.45E-139
838.301	1.00E-138
840.233	6.84E-138
842.17	4.62E-137
844.112	3.09E-136
846.057	2.04E-135
848.008	1.34E-134
849.963	8.68E-134
851.922	5.57E-133
853.886	3.54E-132
855.854	2.23E-131
857.827	1.39E-130
859.805	8.55E-130
861.787	5.22E-129
863.773	3.15E-128
865.765	1.89E-127
867.76	1.12E-126
869.761	6.56E-126
871.766	3.81E-125
873.776	2.19E-124
875.79	1.25E-123
877.809	7.06E-123
879.832	3.95E-122
881.86	2.19E-121
883.893	1.20E-120
885.931	6.53E-120
887.973	3.52E-119
890.02	1.88E-118
892.072	9.93E-118
894.128	5.20E-117
896.19	2.70E-116
898.255	1.39E-115
900.326	7.08E-115
902.402	3.58E-114
904.482	1.79E-113
906.567	8.89E-113
908.657	4.37E-112
910.751	2.13E-111
912.851	1.03E-110
914.955	4.94E-110
917.064	2.35E-109
919.179	1.10E-108
921.297	5.16E-108
923.421	2.39E-107
925.55	1.10E-106
927.684	4.98E-106
929.822	2.25E-105
931.966	1.01E-104
934.114	4.47E-104
936.267	1.97E-103
938.426	8.58E-103
940.589	3.71E-102
942.757	1.59E-101
944.93	6.79E-101
947.109	2.87E-100
949.292	1.20E-99
951.48	4.99E-99
953.674	2.06E-98
955.872	8.42E-98
958.076	3.42E-97
960.284	1.38E-96
962.498	5.50E-96
964.717	2.18E-95
966.941	8.58E-95
969.17	3.35E-94
971.404	1.30E-93
973.643	4.98E-93
975.888	1.90E-92
978.137	7.20E-92
980.392	2.71E-91
982.652	1.01E-90
984.918	3.74E-90
987.188	1.37E-89
989.464	5.01E-89
991.745	1.81E-88
994.031	6.52E-88
996.322	2.33E-87
998.619	8.25E-87
1000.92	2.90E-86
1003.23	1.01E-85
1005.54	3.52E-85
1007.86	1.21E-84
1010.18	4.14E-84
1012.51	1.41E-83
1014.85	4.74E-83
1017.18	1.59E-82
1019.53	5.28E-82
1021.88	1.74E-81
1024.24	5.72E-81
1026.6	1.86E-80
1028.96	6.03E-80
1031.34	1.94E-79
1033.71	6.19E-79
1036.1	1.96E-78
1038.48	6.19E-78
1040.88	1.94E-77
1043.28	6.03E-77
1045.68	1.86E-76
1048.09	5.72E-76
1050.51	1.74E-75
1052.93	5.28E-75
1055.36	1.59E-74
1057.79	4.76E-74
1060.23	1.41E-73
1062.67	4.18E-73
1065.12	1.23E-72
1067.58	3.58E-72
1070.04	1.04E-71
1072.51	2.99E-71
1074.98	8.57E-71
1077.46	2.44E-70
1079.94	6.90E-70
1082.43	1.94E-69
1084.93	5.43E-69
1087.43	1.51E-68
1089.93	4.16E-68
1092.45	1.14E-67
1094.96	3.12E-67
1097.49	8.47E-67
1100.02	2.29E-66
1102.55	6.13E-66
1105.1	1.63E-65
1107.64	4.34E-65
1110.2	1.14E-64
1112.76	3.00E-64
1115.32	7.99E-64
1117.89	2.42E-63
1120.47	1.35E-62
1123.05	1.80E-61
1125.64	3.24E-60
1128.24	5.94E-59
1130.84	1.05E-57
1133.44	1.79E-56
1136.06	2.92E-55
1138.68	4.57E-54
1141.3	6.87E-53
1143.93	9.93E-52
1146.57	1.38E-50
1149.21	1.84E-49
1151.86	2.36E-48
1154.52	2.91E-47
1157.18	3.45E-46
1159.84	3.93E-45
1162.52	4.31E-44
1165.2	4.55E-43
1167.88	4.62E-42
1170.58	4.52E-41
1173.28	4.26E-40
1175.98	3.87E-39
1178.69	3.38E-38
1181.41	2.85E-37
1184.13	2.31E-36
1186.86	1.81E-35
1189.6	1.37E-34
1192.34	9.97E-34
1195.09	7.01E-33
1197.84	4.75E-32
1200.6	3.11E-31
1203.37	1.97E-30
1206.15	1.20E-29
1208.93	7.07E-29
1211.71	4.03E-28
1214.51	2.22E-27
1217.31	1.18E-26
1220.11	6.07E-26
1222.93	3.02E-25
1225.74	1.45E-24
1228.57	6.75E-24
1231.4	3.04E-23
1234.24	1.32E-22
1237.09	5.58E-22
1239.94	2.28E-21
1242.8	9.00E-21
1245.66	3.45E-20
1248.53	1.28E-19
1251.41	4.60E-19
1254.3	1.60E-18
1257.19	5.41E-18
1260.09	1.77E-17
1262.99	5.62E-17
1265.9	1.73E-16
1268.82	5.17E-16
1271.74	1.50E-15
1274.68	4.21E-15
1277.61	1.15E-14
1280.56	3.05E-14
1283.51	7.86E-14
1286.47	1.97E-13
1289.44	4.77E-13
1292.41	1.13E-12
1295.39	2.59E-12
1298.37	5.76E-12
1301.37	1.25E-11
1304.37	2.63E-11
1307.37	5.40E-11
1310.39	1.08E-10
1313.41	2.09E-10
1316.44	3.94E-10
1319.47	7.24E-10
1322.51	1.30E-09
1325.56	2.26E-09
1328.62	3.83E-09
1331.68	6.32E-09
1334.75	1.02E-08
1337.83	1.59E-08
1340.91	2.43E-08
1344	3.62E-08
1347.1	5.26E-08
1350.21	7.44E-08
1353.32	1.03E-07
1356.44	1.38E-07
1359.56	1.81E-07
1362.7	2.33E-07
1365.84	2.99E-07
1368.99	4.02E-07
1372.14	6.01E-07
1375.31	9.48E-07
1378.48	1.35E-06
1381.66	1.56E-06
1384.84	1.46E-06
1388.03	1.20E-06
1391.23	9.87E-07
1394.44	8.72E-07
1397.65	8.02E-07
1400.88	7.40E-07
1404.11	6.79E-07
1407.34	6.16E-07
1410.59	5.52E-07
1413.84	4.85E-07
1417.1	4.18E-07
1420.36	3.53E-07
1423.64	2.92E-07
1426.92	2.36E-07
1430.21	1.87E-07
1433.51	1.45E-07
1436.81	1.10E-07
1440.12	8.18E-08
1443.44	5.96E-08
1446.77	4.25E-08
1450.11	2.97E-08
1453.45	2.03E-08
1456.8	1.36E-08
1460.16	8.98E-09
1463.52	5.79E-09
1466.9	3.66E-09
1470.28	2.27E-09
1473.67	1.38E-09
1477.07	8.23E-10
1480.47	4.81E-10
1483.88	2.76E-10
1487.3	1.56E-10
1490.73	8.60E-11
1494.17	4.67E-11
1497.61	2.49E-11
1501.07	1.30E-11
1504.53	6.68E-12
1507.99	3.37E-12
1511.47	1.67E-12
1514.96	8.12E-13
1518.45	3.88E-13
1521.95	1.82E-13
1525.46	8.41E-14
1528.97	3.82E-14
1532.5	1.70E-14
1536.03	7.46E-15
1539.57	3.22E-15
1543.12	1.36E-15
1546.68	5.68E-16
1550.24	2.33E-16
1553.82	9.39E-17
1557.4	3.73E-17
1560.99	1.45E-17
1564.59	5.59E-18
1568.19	2.11E-18
1571.81	7.86E-19
1575.43	2.88E-19
1579.06	1.04E-19
1582.7	3.69E-20
1586.35	1.30E-20
1590.01	4.58E-21
1593.68	1.71E-21
1597.35	7.95E-22
1601.03	5.80E-22
1604.72	6.41E-22
1608.42	8.47E-22
1612.13	1.18E-21
1615.85	1.65E-21
1619.57	2.32E-21
1623.3	3.24E-21
1627.05	4.53E-21
1630.8	6.32E-21
1634.56	8.79E-21
1638.32	1.22E-20
1642.1	1.69E-20
1645.89	2.33E-20
1649.68	3.21E-20
1653.48	4.42E-20
1657.3	6.06E-20
1661.12	8.29E-20
1664.94	1.13E-19
1668.78	1.54E-19
1672.63	2.10E-19
1676.49	2.84E-19
1680.35	3.85E-19
1684.22	5.19E-19
1688.11	7.00E-19
1692	9.41E-19
1695.9	1.26E-18
1699.81	1.69E-18
1703.73	2.26E-18
1707.65	3.01E-18
1711.59	4.00E-18
1715.54	5.31E-18
1719.49	7.05E-18
1723.45	9.37E-18
1727.43	1.25E-17
1731.41	1.70E-17
1735.4	2.38E-17
1739.4	3.55E-17
1743.41	5.91E-17
1747.43	1.12E-16
1751.46	2.40E-16
1755.5	5.56E-16
1759.54	1.33E-15
1763.6	3.22E-15
1767.66	7.67E-15
1771.74	1.79E-14
1775.82	4.07E-14
1779.92	9.02E-14
1784.02	1.94E-13
1788.13	4.06E-13
1792.26	8.24E-13
1796.39	1.63E-12
1800.53	3.11E-12
1804.68	5.80E-12
1808.84	1.05E-11
1813.01	1.85E-11
1817.19	3.16E-11
1821.38	5.25E-11
1825.58	8.48E-11
1829.78	1.33E-10
1834	2.04E-10
1838.23	3.04E-10
1842.47	4.40E-10
1846.71	6.20E-10
1850.97	8.51E-10
1855.24	1.14E-09
1859.52	1.48E-09
1863.8	1.88E-09
1868.1	2.32E-09
1872.41	2.79E-09
1876.72	3.28E-09
1881.05	3.75E-09
1885.38	4.18E-09
1889.73	4.55E-09
1894.09	4.82E-09
1898.45	4.99E-09
1902.83	5.03E-09
1907.22	4.96E-09
1911.61	4.76E-09
1916.02	4.47E-09
1920.44	4.10E-09
1924.86	3.67E-09
1929.3	3.21E-09
1933.75	2.75E-09
1938.21	2.31E-09
1942.67	1.91E-09
1947.15	1.58E-09
1951.64	1.33E-09
1956.14	1.18E-09
1960.65	1.14E-09
1965.17	1.25E-09
1969.7	1.55E-09
1974.24	2.07E-09
1978.79	2.89E-09
1983.35	4.06E-09
1987.92	5.69E-09
1992.51	7.86E-09
1997.1	1.07E-08
2001.7	1.42E-08
2006.32	1.85E-08
2010.94	2.37E-08
2015.58	2.97E-08
2020.23	3.65E-08
2024.88	4.40E-08
2029.55	5.20E-08
2034.23	6.03E-08
2038.92	6.87E-08
2043.62	7.69E-08
2048.33	8.48E-08
2053.05	9.20E-08
2057.78	9.86E-08
2062.53	1.05E-07
2067.28	1.10E-07
2072.05	1.15E-07
2076.82	1.20E-07
2081.61	1.26E-07
2086.41	1.33E-07
2091.22	1.43E-07
2096.04	1.55E-07
2100.87	1.72E-07
2105.72	1.93E-07
2110.57	2.20E-07
2115.44	2.53E-07
2120.31	2.94E-07
2125.2	3.43E-07
2130.1	4.00E-07
2135.01	4.67E-07
2139.93	5.44E-07
2144.86	6.31E-07
2149.81	7.30E-07
2154.76	8.42E-07
2159.73	9.70E-07
2164.71	1.12E-06
2169.7	1.30E-06
2174.7	1.53E-06
2179.72	1.87E-06
2184.74	2.45E-06
2189.78	3.47E-06
2194.82	5.13E-06
2199.88	7.28E-06
2204.96	9.31E-06
2210.04	1.04E-05
2215.13	1.04E-05
2220.24	9.53E-06
2225.36	8.65E-06
2230.49	8.11E-06
2235.63	7.89E-06
2240.78	7.76E-06
2245.95	7.56E-06
2251.13	7.20E-06
2256.32	6.71E-06
2261.52	6.11E-06
2266.73	5.47E-06
2271.96	4.82E-06
2277.19	4.21E-06
2282.44	3.66E-06
2287.7	3.18E-06
2292.98	2.78E-06
2298.26	2.44E-06
2303.56	2.17E-06
2308.87	1.94E-06
2314.19	1.75E-06
2319.53	1.59E-06
2324.88	1.45E-06
2330.24	1.32E-06
2335.61	1.21E-06
2340.99	1.12E-06
2346.39	1.04E-06
2351.8	9.78E-07
2357.22	9.32E-07
2362.65	9.05E-07
2368.1	8.96E-07
2373.56	9.07E-07
2379.03	9.38E-07
2384.51	9.90E-07
2390.01	1.06E-06
2395.52	1.15E-06
2401.04	1.26E-06
2406.58	1.38E-06
2412.13	1.51E-06
2417.69	1.65E-06
2423.26	1.80E-06
2428.85	1.96E-06
2434.44	2.12E-06
2440.06	2.28E-06
2445.68	2.45E-06
2451.32	2.62E-06
2456.97	2.80E-06
2462.63	2.99E-06
2468.31	3.20E-06
2474	3.42E-06
2479.7	3.68E-06
2485.42	3.96E-06
2491.15	4.28E-06
2496.89	4.64E-06
2502.65	5.05E-06
2508.42	5.51E-06
2514.2	6.02E-06
2520	6.58E-06
2525.81	7.18E-06
2531.63	7.82E-06
2537.46	8.49E-06
2543.31	9.19E-06
2549.18	9.91E-06
2555.05	1.06E-05
2560.94	1.14E-05
2566.85	1.21E-05
2572.76	1.28E-05
2578.69	1.35E-05
2584.64	1.41E-05
2590.6	1.48E-05
2596.57	1.54E-05
2602.55	1.60E-05
2608.55	1.67E-05
2614.57	1.74E-05
2620.59	1.81E-05
2626.64	1.90E-05
2632.69	2.01E-05
2638.76	2.15E-05
2644.84	2.34E-05
2650.94	2.59E-05
2657.05	2.93E-05
2663.18	3.41E-05
2669.32	4.13E-05
2675.47	5.37E-05
2681.64	8.02E-05
2687.82	0.000141415
2694.01	0.000257828
2700.22	0.000410864
2706.45	0.000536256
2712.69	0.000595206
2718.94	0.000610518
2725.21	0.000610518
2731.49	0.000597084
2737.79	0.000568755
2744.1	0.000532262
2750.43	0.000494035
2756.77	0.000455785
2763.12	0.000417161
2769.49	0.000378368
2775.87	0.000340339
2782.27	0.000303918
2788.69	0.000269468
2795.12	0.000237043
2801.56	0.000206686
2808.02	0.000178584
2814.49	0.000153026
2820.98	0.000130279
2827.48	0.000110486
2834	9.36E-05
2840.53	7.95E-05
2847.08	6.78E-05
2853.64	5.82E-05
2860.22	5.04E-05
2866.82	4.40E-05
2873.42	3.86E-05
2880.05	3.42E-05
2886.69	3.05E-05
2893.34	2.73E-05
2900.01	2.46E-05
2906.7	2.23E-05
2913.4	2.03E-05
2920.11	1.86E-05
2926.85	1.71E-05
2933.59	1.58E-05
2940.36	1.47E-05
2947.13	1.37E-05
2953.93	1.28E-05
2960.74	1.20E-05
2967.56	1.13E-05
2974.4	1.07E-05
2981.26	1.02E-05
2988.13	9.65E-06
2995.02	9.19E-06
3001.93	8.76E-06
3008.85	8.38E-06
3015.78	8.02E-06
3022.73	7.70E-06
3029.7	7.39E-06
3036.69	7.12E-06
3043.69	6.87E-06
3050.7	6.64E-06
3057.74	6.43E-06
3064.78	6.24E-06
3071.85	6.07E-06
3078.93	5.93E-06
3086.03	5.80E-06
3093.14	5.69E-06
3100.27	5.60E-06
3107.42	5.51E-06
3114.58	5.43E-06
3121.76	5.36E-06
3128.96	5.28E-06
3136.17	5.21E-06
3143.4	5.13E-06
3150.65	5.04E-06
3157.91	4.95E-06
3165.19	4.85E-06
3172.49	4.76E-06
3179.8	4.67E-06
3187.13	4.58E-06
3194.48	4.50E-06
3201.84	4.42E-06
3209.22	4.35E-06
3216.62	4.28E-06
3224.04	4.22E-06
3231.47	4.17E-06
3238.92	4.12E-06
3246.38	4.07E-06
3253.87	4.03E-06
3261.37	3.99E-06
3268.89	3.95E-06
3276.42	3.91E-06
3283.98	3.88E-06
3291.55	3.86E-06
3299.13	3.84E-06
3306.74	3.83E-06
3314.36	3.84E-06
3322	3.87E-06
3329.66	3.91E-06
3337.34	3.98E-06
3345.03	4.07E-06
3352.74	4.19E-06
3360.47	4.33E-06
3368.22	4.49E-06
3375.98	4.68E-06
3383.76	4.87E-06
3391.56	5.07E-06
3399.38	5.28E-06
3407.22	5.49E-06
3415.07	5.71E-06
3422.94	5.93E-06
3430.84	6.17E-06
3438.74	6.43E-06
3446.67	6.73E-06
3454.62	7.08E-06
3462.58	7.49E-06
3470.56	7.97E-06
3478.56	8.52E-06
3486.58	9.16E-06
3494.62	9.88E-06
3502.68	1.07E-05
3510.75	1.15E-05
3518.84	1.24E-05
3526.95	1.33E-05
3535.09	1.43E-05
3543.23	1.52E-05
3551.4	1.61E-05
3559.59	1.69E-05
3567.79	1.78E-05
3576.02	1.85E-05
3584.26	1.93E-05
3592.53	2.00E-05
3600.81	2.08E-05
3609.11	2.16E-05
3617.43	2.25E-05
3625.77	2.35E-05
3634.13	2.47E-05
3642.5	2.61E-05
3650.9	2.76E-05
3659.32	2.94E-05
3667.75	3.13E-05
3676.21	3.34E-05
3684.68	3.55E-05
3693.17	3.77E-05
3701.69	3.99E-05
3710.22	4.20E-05
3718.77	4.39E-05
3727.35	4.55E-05
3735.94	4.69E-05
3744.55	4.80E-05
3753.18	4.89E-05
3761.84	4.94E-05
3770.51	4.97E-05
3779.2	4.98E-05
3787.91	4.97E-05
3796.64	4.96E-05
3805.4	4.94E-05
3814.17	4.93E-05
3822.96	4.92E-05
3831.77	4.91E-05
3840.61	4.92E-05
3849.46	4.94E-05
3858.33	4.96E-05
3867.23	5.00E-05
3876.14	5.04E-05
3885.08	5.08E-05
3894.04	5.12E-05
3903.01	5.17E-05
3912.01	5.21E-05
3921.03	5.26E-05
3930.07	5.31E-05
3939.13	5.36E-05
3948.21	5.42E-05
3957.31	5.49E-05
3966.43	5.57E-05
3975.57	5.66E-05
3984.74	5.78E-05
3993.92	5.92E-05
4003.13	6.08E-05
4012.36	6.26E-05
4021.61	6.48E-05
4030.88	6.72E-05
4040.17	6.98E-05
4049.49	7.28E-05
4058.82	7.60E-05
4068.18	7.93E-05
4077.56	8.29E-05
4086.96	8.67E-05
4096.38	9.05E-05
4105.82	9.43E-05
4115.28	9.82E-05
4124.77	0.000101917
4134.28	0.000105492
4143.81	0.000108851
4153.36	0.000111961
4162.94	0.000114819
4172.53	0.000117458
4182.15	0.000119951
4191.79	0.000122415
4201.46	0.000125003
4211.14	0.000127902
4220.85	0.000131312
4230.58	0.000135438
4240.33	0.00014047
4250.11	0.000146566
4259.9	0.000153835
4269.72	0.000162328
4279.57	0.000172026
4289.43	0.000182841
4299.32	0.000194613
4309.23	0.000207121
4319.17	0.000220086
4329.12	0.000233193
4339.1	0.000246098
4349.1	0.000258449
4359.13	0.000269902
4369.18	0.000280135
4379.25	0.000288867
4389.35	0.000295866
4399.46	0.000300963
4409.61	0.000304062
4419.77	0.000305142
4429.96	0.000304261
4440.17	0.000301558
4450.41	0.000297243
4460.67	0.000291594
4470.95	0.000284943
4481.26	0.000277663
4491.59	0.000270149
4501.94	0.000262803
4512.32	0.00025601
4522.72	0.000250121
4533.15	0.000245435
4543.6	0.000242188
4554.07	0.000240541
4564.57	0.000240577
4575.09	0.000242309
4585.64	0.000245686
4596.21	0.000250614
4606.81	0.000256972
4617.43	0.000264641
4628.07	0.000273529
4638.74	0.000283595
4649.43	0.000294878
4660.15	0.000307516
4670.89	0.000321769
4681.66	0.000338047
4692.45	0.000356924
4703.27	0.000379172
4714.11	0.000405781
4724.98	0.000437992
4735.87	0.000477309
4746.79	0.000525515
4757.73	0.000584653
4768.7	0.000656983
4779.69	0.000744895
4790.71	0.000850779
4801.75	0.000976847
4812.82	0.001124924
4823.92	0.001296211
4835.04	0.001491061
4846.18	0.001708778
4857.36	0.001947495
4868.55	0.002204127
4879.78	0.002474437
4891.02	0.002753216
4902.3	0.003034551
4913.6	0.003312172
4924.93	0.003579826
4936.28	0.003831654
4947.66	0.004062508
4959.07	0.004268208
4970.5	0.004445692
4981.96	0.004593082
4993.44	0.004709659
5004.95	0.004795789
5016.49	0.004852805
5028.05	0.004882894
5039.64	0.004888995
5051.26	0.004874737
5062.91	0.004844401
5074.58	0.004802934
5086.28	0.004755967
5098	0.00470984
5109.75	0.004671607
5121.53	0.004648983
5133.34	0.004650204
5145.17	0.004683777
5157.03	0.004758088
5168.92	0.004880863
5180.84	0.005058489
5192.78	0.005295238
5204.75	0.005592455
5216.75	0.005947825
5228.77	0.006354811
5240.83	0.006802414
5252.91	0.007275344
5265.02	0.007754661
5277.16	0.008218896
5289.32	0.008645576
5301.51	0.009012999
5313.73	0.009302072
5325.98	0.009497978
5338.26	0.009591472
5350.57	0.009579622
5362.9	0.009465932
5375.26	0.009259821
5387.66	0.00897556
5400.08	0.008630817
5412.52	0.008245004
5425	0.007837628
5437.51	0.007426822
5450.04	0.007028212
5462.61	0.006654165
5475.2	0.006313463
5487.82	0.006011351
5500.47	0.00574989
5513.15	0.005528512
5525.86	0.00534468
5538.6	0.005194568
5551.37	0.005073672
5564.16	0.004977332
5576.99	0.004901114
5589.85	0.004841073
5602.73	0.004793898
5615.65	0.004756961
5628.59	0.0047283
5641.57	0.004706553
5654.57	0.004690875
5667.61	0.004680836
5680.67	0.004676333
5693.77	0.004677507
5706.89	0.004684671
5720.05	0.004698258
5733.24	0.004718779
5746.45	0.004746797
5759.7	0.004782902
5772.98	0.004827709
5786.29	0.004881842
5799.62	0.004945938
5812.99	0.005020633
5826.39	0.005106562
5839.83	0.005204338
5853.29	0.005314527
5866.78	0.005437619
5880.31	0.005573974
5893.86	0.00572377
5907.45	0.005886936
5921.07	0.006063074
5934.71	0.006251386
5948.4	0.006450608
5962.11	0.006658948
5975.85	0.006874049
5989.63	0.007092984
6003.44	0.007312277
6017.28	0.007527968
6031.15	0.007735722
6045.05	0.007930961
6058.98	0.008109052
6072.95	0.008265501
6086.95	0.008396168
6100.98	0.008497482
6115.05	0.008566638
6129.14	0.008601763
6143.27	0.008602045
6157.44	0.008567807
6171.63	0.008500522
6185.86	0.008402772
6200.12	0.008278146
6214.41	0.008131091
6228.74	0.007966719
6243.09	0.007790591
6257.49	0.007608482
6271.91	0.007426152
6286.37	0.007249119
6300.86	0.007082466
6315.39	0.006930682
6329.94	0.00679753
6344.54	0.006685969
6359.16	0.00659811
6373.82	0.006535219
6388.51	0.006497747
6403.24	0.006485396
6418	0.006497206
6432.8	0.006531655
6447.63	0.006586775
6462.49	0.006660265
6477.39	0.006749606
6492.32	0.006852168
6507.29	0.006965308
6522.29	0.007086456
6537.32	0.007213188
6552.39	0.007343286
6567.5	0.007474779
6582.64	0.007605978
6597.81	0.007735493
6613.02	0.007862239
6628.27	0.007985434
6643.54	0.008104587
6658.86	0.008219475
6674.21	0.008330121
6689.6	0.008436759
6705.02	0.008539806
6720.47	0.008639822
6735.97	0.008737476
6751.49	0.008833512
6767.06	0.008928716
6782.66	0.009023881
6798.29	0.009119788
6813.96	0.009217176
6829.67	0.009316729
6845.42	0.009419055
6861.2	0.009524684
6877.01	0.009634059
6892.87	0.009747533
6908.76	0.009865379
6924.68	0.009987786
6940.65	0.010114879
6956.65	0.010246723
6972.68	0.010383339
6988.76	0.01052472
7004.87	0.010670844
7021.01	0.010821693
7037.2	0.010977269
7053.42	0.011137608
7069.68	0.011302803
7085.98	0.011473012
7102.31	0.011648479
7118.69	0.01182955
7135.1	0.012016685
7151.54	0.012210479
7168.03	0.012411669
7184.55	0.012621157
7201.12	0.012840024
7217.72	0.013069545
7234.36	0.013311208
7251.03	0.013566737
7267.75	0.013838104
7284.5	0.014127561
7301.29	0.014437662
7318.13	0.014771295
7335	0.01513171
7351.9	0.015522565
7368.85	0.01594797
7385.84	0.016412543
7402.87	0.016921479
7419.93	0.017480637
7437.04	0.018096638
7454.18	0.018777004
7471.36	0.019530316
7488.59	0.020366439
7505.85	0.021296757
7523.15	0.022334537
7540.5	0.023495331
7557.88	0.024797489
7575.3	0.026262838
7592.76	0.027917461
7610.27	0.029792695
7627.81	0.031926358
7645.39	0.034364227
7663.02	0.037161819
7680.68	0.040386638
7698.39	0.044120791
7716.14	0.04846426
7733.92	0.053538867
7751.75	0.059493055
7769.62	0.066507769
7787.53	0.074803327
7805.48	0.08464732
7823.48	0.096362477
7841.51	0.110332264
7859.59	0.126998465
7877.71	0.146839078
7895.87	0.170307144
7914.07	0.197709329
7932.31	0.229028478
7950.6	0.263765974
7968.93	0.300943587
7987.3	0.339330811
8005.71	0.377764132
8024.17	0.415358717
8042.66	0.451550966
8061.2	0.486039634
8079.79	0.518703671
8098.41	0.549535474
8117.08	0.578595894
8135.79	0.605987581
8154.55	0.631839021
8173.35	0.656296078
8192.19	0.679515926
8211.07	0.701663286
8230	0.722907272
8248.97	0.743418827
8267.99	0.763367273
8287.05	0.782917124
8306.15	0.802225941
8325.3	0.821440987
8344.49	0.840697344
8363.73	0.860117118
8383.01	0.879808849
8402.33	0.899868738
8421.7	0.920382943
8441.12	0.94143132
8460.57	0.963092661
8480.08	0.985449554
8499.63	1.008596436
8519.22	1.032645553
8538.86	1.057735155
8558.54	1.084036013
8578.27	1.111759124
8598.05	1.141161502
8617.87	1.172551188
8637.73	1.206291843
8657.65	1.242804586
8677.6	1.282568199
8697.61	1.326116556
8717.66	1.374032342
8737.76	1.426933378
8757.9	1.485450398
8778.09	1.550189633
8798.32	1.621676855
8818.6	1.700278241
8838.93	1.786102101
8859.31	1.878887836
8879.73	1.977899153
8900.2	2.081841534
8920.72	2.18882416
8941.28	2.296383294
8961.9	2.401574068
8982.55	2.501130838
9003.26	2.591682616
9024.02	2.670006193
9044.82	2.733287876
9065.67	2.779365485
9086.57	2.806918898
9107.51	2.815582007
9128.51	2.805957539
9149.55	2.779526578
9170.64	2.738459438
9191.79	2.685348849
9212.97	2.62290093
9234.21	2.553629026
9255.5	2.479597798
9276.84	2.402259088
9298.22	2.322404377
9319.66	2.240232845
9341.14	2.155511409
9362.67	2.067783332
9384.26	1.976578187
9405.89	1.881584195
9427.57	1.782760208
9449.3	1.680382699
9471.09	1.575036772
9492.92	1.467567368
9514.8	1.359008283
9536.74	1.250503844
9558.72	1.143234245
9580.76	1.038350375
9602.84	0.936921929
9624.98	0.839898424
9647.17	0.748082724
9669.41	0.662115428
9691.7	0.5824682
9714.04	0.509444659
9736.43	0.443187224
9758.88	0.383688831
9781.37	0.330808456
9803.92	0.284289424
9826.52	0.243779689
9849.18	0.208853206
9871.88	0.179031446
9894.64	0.15380434
9917.45	0.132649755
9940.31	0.115050851
9963.22	0.100510676
9986.19	0.08856379
10009.2	0.07878461
10032.3	0.070792662
10055.4	0.064254917
10078.6	0.058885699
10101.8	0.054444618
10125.1	0.050733099
10148.5	0.047590011
10171.8	0.044886858
10195.3	0.042522898
10218.8	0.040420472
10242.4	0.038520718
10266	0.036779793
10289.6	0.03516564
10313.4	0.033655273
10337.1	0.032232582
10361	0.030886568
10384.8	0.029609972
10408.8	0.02839821
10432.8	0.027248578
10456.8	0.026159639
10480.9	0.025130801
10505.1	0.024161977
10529.3	0.023253364
10553.6	0.022405266
10577.9	0.021617983
10602.3	0.020891718
10626.7	0.020226518
10651.2	0.019622223
10675.8	0.019078442
10700.4	0.018594522
10725.1	0.018169535
10749.8	0.017802275
10774.6	0.017491246
10799.4	0.017234679
10824.3	0.017030542
10849.3	0.016876565
10874.3	0.016770279
10899.3	0.016709063
10924.5	0.01669021
10949.6	0.016711012
10974.9	0.016768858
11000.2	0.016861379
11025.5	0.016986581
11051	0.017143054
11076.4	0.017330187
11102	0.017548422
11127.6	0.017799565
11153.2	0.018087122
11178.9	0.018416679
11204.7	0.018796317
11230.5	0.019237059
11256.4	0.019753347
11282.4	0.020363489
11308.4	0.021090129
11334.4	0.021960646
11360.6	0.023007484
11386.8	0.024268389
11413	0.025786455
11439.3	0.027610001
11465.7	0.029792165
11492.1	0.03239022
11518.6	0.035464531
11545.2	0.039077109
11571.8	0.043289756
11598.4	0.048161774
11625.2	0.053747286
11652	0.060092137
11678.8	0.067230631
11705.8	0.07518206
11732.8	0.083947422
11759.8	0.093506487
11786.9	0.1038156
11814.1	0.114806502
11841.3	0.126386544
11868.6	0.138440524
11896	0.150834268
11923.4	0.163419889
11950.9	0.176042444
11978.4	0.188547481
12006	0.200788799
12033.7	0.212635637
12061.5	0.223978508
12089.3	0.234732972
12117.1	0.244840864
12145.1	0.2542687
12173.1	0.263003313
12201.1	0.271045058
12229.3	0.278399239
12257.4	0.285066646
12285.7	0.291034324
12314	0.296267761
12342.4	0.300705674
12370.9	0.304258326
12399.4	0.306809965
12428	0.308225449
12456.6	0.308360558
12485.3	0.307074951
12514.1	0.304246362
12543	0.299784448
12571.9	0.293642767
12600.9	0.285827666
12629.9	0.276403267
12659	0.265492203
12688.2	0.253272232
12717.4	0.2399692
12746.8	0.225847093
12776.1	0.211196064
12805.6	0.19631937
12835.1	0.181520124
12864.7	0.167088649
12894.4	0.153291125
12924.1	0.140360026
12953.9	0.128486704
12983.7	0.11781631
13013.7	0.108445117
13043.7	0.100420148
13073.7	0.093740968
13103.9	0.088363378
13134.1	0.084204735
13164.4	0.081150532
13194.7	0.079061911
13225.1	0.077783698
13255.6	0.077152576
13286.2	0.077005003
13316.8	0.077184494
13347.5	0.077547936
13378.3	0.077970635
13409.1	0.078349932
13440	0.078607267
13471	0.078688707
13502.1	0.07856406
13533.2	0.078224762
13564.4	0.077680803
13595.6	0.076957008
13627	0.076088969
13658.4	0.075118952
13689.9	0.074092032
13721.4	0.073052684
13753.1	0.072041974
13784.8	0.07109546
13816.6	0.070241813
13848.4	0.069502141
13880.3	0.068889935
13912.3	0.068411528
13944.4	0.068066937
13976.5	0.067850957
14008.8	0.067754369
14041.1	0.067765155
14073.4	0.067869641
14105.9	0.068053479
14138.4	0.068302458
14171	0.06860312
14203.6	0.068943177
14236.4	0.069311769
14269.2	0.06969957
14302.1	0.070098789
14335.1	0.070503089
14368.1	0.070907453
14401.2	0.07130803
14434.4	0.071701961
14467.7	0.072087223
14501.1	0.072462475
14534.5	0.072826935
14568	0.073180261
14601.6	0.073522475
14635.2	0.073853881
14669	0.07417502
14702.8	0.074486626
14736.7	0.074789601
14770.7	0.075084993
14804.7	0.075373982
14838.8	0.075657876
14873	0.075938105
14907.3	0.076216218
14941.7	0.076493881
14976.1	0.076772884
15010.7	0.077055136
15045.3	0.077342667
15079.9	0.077637632
15114.7	0.077942309
15149.6	0.078259097
15184.5	0.078590519
15219.5	0.078939221
15254.6	0.079307962
15289.7	0.079699619
15325	0.080117177
15360.3	0.080563723
15395.7	0.081042442
15431.2	0.081556605
15466.8	0.082109559
15502.4	0.082704718
15538.2	0.083345546
15574	0.084035548
15609.9	0.084778246
15645.9	0.08557717
15681.9	0.086435833
15718.1	0.087357714
15754.3	0.088346233
15790.6	0.089404733
15827	0.090536449
15863.5	0.091744488
15900.1	0.093031803
15936.8	0.094401162
15973.5	0.095855125
16010.3	0.097396013
16047.2	0.099025886
16084.2	0.100746509
16121.3	0.102559328
16158.5	0.104465448
16195.7	0.106465602
16233	0.108560132
16270.5	0.110748969
16308	0.11303161
16345.6	0.115407107
16383.2	0.11787405
16421	0.12043056
16458.9	0.123074282
16496.8	0.125802386
16534.8	0.128611564
16573	0.131498043
16611.2	0.134457597
16649.4	0.137485557
16687.8	0.140576842
16726.3	0.143725979
16764.9	0.14692714
16803.5	0.150174173
16842.2	0.15346065
16881.1	0.156779903
16920	0.160125084
16959	0.163489207
16998.1	0.166865212
17037.3	0.170246018
17076.5	0.173624583
17115.9	0.176993968
17155.4	0.180347393
17194.9	0.183678304
17234.5	0.18698043
17274.3	0.190247845
17314.1	0.193475024
17354	0.196656896
17394	0.199788905
17434.1	0.202867048
17474.3	0.205887933
17514.6	0.208848811
17555	0.211747624
17595.4	0.214583034
17636	0.217354457
17676.6	0.22006209
17717.4	0.222706935
17758.2	0.225290821
17799.2	0.227816424
17840.2	0.230287278
17881.3	0.232707791
17922.6	0.235083261
17963.9	0.237419881
18005.3	0.239724756
18046.8	0.24200591
18088.4	0.244272305
18130.1	0.24653385
18171.9	0.248801425
18213.8	0.251086902
18255.8	0.253403175
18297.8	0.255764194
18340	0.258185015
18382.3	0.260681849
18424.7	0.263272138
18467.1	0.265974634
18509.7	0.268809508
18552.4	0.271798471
18595.2	0.274964931
18638	0.278334178
18681	0.281933604
18724.1	0.28579298
18767.2	0.289944775
18810.5	0.294424549
18853.8	0.299271417
18897.3	0.304528614
18940.9	0.310244153
18984.5	0.31647162
