298.126	1.488228002
298.813	1.488032594
299.502	1.487838293
300.193	1.487645091
300.885	1.487452981
301.578	1.487261954
302.273	1.487072004
302.97	1.486883124
303.669	1.486695305
304.369	1.486508541
305.07	1.486322824
305.774	1.486138148
306.478	1.485954506
307.185	1.48577189
307.893	1.485590293
308.603	1.485409709
309.314	1.48523013
310.027	1.485051551
310.742	1.484873963
311.458	1.484697362
312.176	1.484521739
312.896	1.484347089
313.617	1.484173405
314.34	1.48400068
315.065	1.483828909
315.791	1.483658084
316.519	1.4834882
317.249	1.48331925
317.98	1.483151229
318.713	1.482984129
319.448	1.482817945
320.184	1.482652671
320.922	1.482488301
321.662	1.482324829
322.404	1.482162249
323.147	1.482000555
323.892	1.481839742
324.638	1.481679803
325.387	1.481520734
326.137	1.481362527
326.889	1.481205178
327.642	1.481048681
328.398	1.480893031
329.155	1.480738222
329.913	1.480584249
330.674	1.480431105
331.436	1.480278787
332.2	1.480127288
332.966	1.479976604
333.734	1.479826728
334.503	1.479677656
335.274	1.479529383
336.047	1.479381904
336.822	1.479235212
337.598	1.479089305
338.376	1.478944176
339.156	1.47879982
339.938	1.478656233
340.722	1.478513409
341.507	1.478371344
342.294	1.478230034
343.084	1.478089472
343.874	1.477949655
344.667	1.477810577
345.462	1.477672235
346.258	1.477534623
347.056	1.477397737
347.856	1.477261572
348.658	1.477126124
349.462	1.476991388
350.268	1.47685736
351.075	1.476724035
351.884	1.476591409
352.695	1.476459477
353.509	1.476328236
354.323	1.476197681
355.14	1.476067807
355.959	1.47593861
356.779	1.475810087
357.602	1.475682232
358.426	1.475555043
359.253	1.475428514
360.081	1.475302641
360.911	1.475177421
361.743	1.47505285
362.577	1.474928923
363.413	1.474805636
364.25	1.474682986
365.09	1.474560969
365.932	1.47443958
366.775	1.474318816
367.621	1.474198673
368.468	1.474079148
369.317	1.473960235
370.169	1.473841933
371.022	1.473724236
371.877	1.473607141
372.735	1.473490645
373.594	1.473374744
374.455	1.473259434
375.318	1.473144711
376.184	1.473030573
377.051	1.472917015
377.92	1.472804034
378.791	1.472691627
379.664	1.472579789
380.54	1.472468518
381.417	1.47235781
382.296	1.472247661
383.177	1.472138069
384.061	1.47202903
384.946	1.47192054
385.833	1.471812597
386.723	1.471705196
387.614	1.471598335
388.508	1.471492011
389.404	1.47138622
390.301	1.471280958
391.201	1.471176224
392.103	1.471072013
393.007	1.470968322
393.913	1.470865149
394.821	1.47076249
395.731	1.470660342
396.643	1.470558702
397.557	1.470457568
398.474	1.470356935
399.392	1.470256801
400.313	1.470157164
401.236	1.470058019
402.161	1.469959365
403.088	1.469861197
404.017	1.469763514
404.949	1.469666313
405.882	1.46956959
406.818	1.469473342
407.756	1.469377568
408.696	1.469282263
409.638	1.469187426
410.582	1.469093053
411.528	1.468999142
412.477	1.46890569
413.428	1.468812695
414.381	1.468720152
415.336	1.468628061
416.294	1.468536418
417.253	1.46844522
418.215	1.468354465
419.179	1.468264151
420.146	1.468174274
421.114	1.468084832
422.085	1.467995823
423.058	1.467907243
424.033	1.467819092
425.011	1.467731365
425.99	1.46764406
426.972	1.467557175
427.957	1.467470708
428.943	1.467384656
429.932	1.467299016
430.923	1.467213786
431.917	1.467128964
432.912	1.467044547
433.91	1.466960533
434.91	1.46687692
435.913	1.466793704
436.918	1.466710885
437.925	1.466628459
438.935	1.466546424
439.946	1.466464778
440.961	1.466383518
441.977	1.466302643
442.996	1.46622215
444.017	1.466142037
445.041	1.466062301
446.067	1.465982941
447.095	1.465903954
448.126	1.465825338
449.159	1.46574709
450.194	1.46566921
451.232	1.465591693
452.272	1.465514539
453.315	1.465437746
454.36	1.46536131
455.407	1.46528523
456.457	1.465209504
457.509	1.465134131
458.564	1.465059106
459.621	1.46498443
460.681	1.464910099
461.743	1.464836112
462.807	1.464762467
463.874	1.464689161
464.943	1.464616193
466.015	1.46454356
467.089	1.464471261
468.166	1.464399294
469.245	1.464327657
470.327	1.464256347
471.411	1.464185364
472.498	1.464114704
473.587	1.464044367
474.679	1.46397435
475.773	1.463904651
476.87	1.463835269
477.969	1.463766201
479.071	1.463697446
480.175	1.463629002
481.282	1.463560867
482.392	1.463493039
483.504	1.463425517
484.618	1.463358298
485.736	1.463291382
486.855	1.463224765
487.978	1.463158447
489.102	1.463092426
490.23	1.463026699
491.36	1.462961265
492.493	1.462896123
493.628	1.462831271
494.766	1.462766706
495.907	1.462702428
497.05	1.462638434
498.196	1.462574723
499.344	1.462511293
500.495	1.462448143
501.649	1.462385271
502.805	1.462322675
503.964	1.462260354
505.126	1.462198306
506.291	1.462136529
507.458	1.462075022
508.628	1.462013783
509.8	1.46195281
510.975	1.461892103
512.153	1.461831659
513.334	1.461771477
514.517	1.461711555
515.703	1.461651892
516.892	1.461592486
518.084	1.461533336
519.278	1.46147444
520.475	1.461415797
521.675	1.461357405
522.877	1.461299262
524.083	1.461241368
525.291	1.46118372
526.502	1.461126317
527.716	1.461069158
528.932	1.461012242
530.151	1.460955566
531.373	1.460899129
532.598	1.460842931
533.826	1.460786969
535.057	1.460731242
536.29	1.460675748
537.526	1.460620487
538.766	1.460565456
540.008	1.460510655
541.252	1.460456083
542.5	1.460401736
543.751	1.460347615
545.004	1.460293718
546.261	1.460240044
547.52	1.46018659
548.782	1.460133357
550.047	1.460080342
551.315	1.460027544
552.586	1.459974962
553.86	1.459922595
555.137	1.459870441
556.416	1.459818498
557.699	1.459766767
558.985	1.459715244
560.273	1.45966393
561.565	1.459612822
562.859	1.45956192
564.157	1.459511222
565.457	1.459460727
566.761	1.459410434
568.067	1.459360341
569.377	1.459310448
570.689	1.459260752
572.005	1.459211253
573.324	1.459161949
574.645	1.45911284
575.97	1.459063924
577.298	1.4590152
578.629	1.458966666
579.962	1.458918322
581.299	1.458870166
582.639	1.458822197
583.983	1.458774414
585.329	1.458726815
586.678	1.4586794
588.031	1.458632168
589.386	1.458585116
590.745	1.458538245
592.107	1.458491553
593.471	1.458445038
594.84	1.4583987
596.211	1.458352538
597.585	1.45830655
598.963	1.458260735
600.344	1.458215092
601.728	1.45816962
603.115	1.458124318
604.505	1.458079185
605.898	1.45803422
607.295	1.457989421
608.695	1.457944788
610.098	1.457900319
611.505	1.457856013
612.914	1.45781187
614.327	1.457767888
615.744	1.457724066
617.163	1.457680403
618.586	1.457636898
620.012	1.457593551
621.441	1.457550359
622.874	1.457507322
624.309	1.457464438
625.749	1.457421708
627.191	1.457379129
628.637	1.457336702
630.086	1.457294423
631.539	1.457252294
632.994	1.457210312
634.454	1.457168477
635.916	1.457126788
637.382	1.457085244
638.851	1.457043843
640.324	1.457002585
641.8	1.456961468
643.28	1.456920493
644.763	1.456879657
646.249	1.45683896
647.739	1.4567984
649.232	1.456757978
650.729	1.456717691
652.229	1.45667754
653.732	1.456637522
655.239	1.456597637
656.75	1.456557885
658.264	1.456518263
659.781	1.456478772
661.302	1.45643941
662.827	1.456400177
664.354	1.45636107
665.886	1.456322091
667.421	1.456283236
668.96	1.456244507
670.502	1.456205901
672.047	1.456167418
673.597	1.456129056
675.149	1.456090816
676.706	1.456052696
678.266	1.456014695
679.829	1.455976812
681.396	1.455939047
682.967	1.455901398
684.542	1.455863865
686.12	1.455826446
687.701	1.455789142
689.287	1.45575195
690.876	1.455714871
692.468	1.455677902
694.065	1.455641044
695.665	1.455604296
697.268	1.455567656
698.876	1.455531124
700.487	1.455494699
702.101	1.45545838
703.72	1.455422167
705.342	1.455386057
706.968	1.455350051
708.598	1.455314148
710.231	1.455278347
711.869	1.455242647
713.51	1.455207047
715.154	1.455171546
716.803	1.455136144
718.455	1.45510084
720.112	1.455065632
721.772	1.455030521
723.436	1.454995505
725.103	1.454960583
726.775	1.454925755
728.45	1.45489102
730.129	1.454856377
731.813	1.454821825
733.5	1.454787363
735.19	1.454752991
736.885	1.454718708
738.584	1.454684513
740.287	1.454650405
741.993	1.454616384
743.704	1.454582449
745.418	1.454548598
747.136	1.454514831
748.859	1.454481148
750.585	1.454447547
752.315	1.454414028
754.05	1.45438059
755.788	1.454347232
757.53	1.454313954
759.276	1.454280754
761.027	1.454247632
762.781	1.454214588
764.539	1.45418162
766.302	1.454148727
768.068	1.45411591
769.839	1.454083166
771.614	1.454050496
773.392	1.454017899
775.175	1.453985373
776.962	1.453952919
778.753	1.453920535
780.548	1.453888221
782.348	1.453855975
784.151	1.453823798
785.959	1.453791689
787.771	1.453759645
789.587	1.453727668
791.407	1.453695757
793.231	1.453663909
795.06	1.453632126
796.893	1.453600405
798.73	1.453568747
800.571	1.453537151
802.417	1.453505615
804.266	1.45347414
806.12	1.453442724
807.979	1.453411366
809.841	1.453380067
811.708	1.453348825
813.579	1.45331764
815.455	1.453286511
817.335	1.453255436
819.219	1.453224417
821.107	1.453193451
823	1.453162538
824.897	1.453131677
826.799	1.453100868
828.705	1.45307011
830.615	1.453039402
832.53	1.453008744
834.449	1.452978135
836.373	1.452947574
838.301	1.45291706
840.233	1.452886593
842.17	1.452856173
844.112	1.452825797
846.057	1.452795466
848.008	1.45276518
849.963	1.452734937
851.922	1.452704736
853.886	1.452674577
855.854	1.45264446
857.827	1.452614383
859.805	1.452584346
861.787	1.452554348
863.773	1.452524389
865.765	1.452494468
867.76	1.452464584
869.761	1.452434736
871.766	1.452404925
873.776	1.452375148
875.79	1.452345406
877.809	1.452315698
879.832	1.452286023
881.86	1.452256381
883.893	1.45222677
885.931	1.452197191
887.973	1.452167642
890.02	1.452138122
892.072	1.452108632
894.128	1.452079171
896.19	1.452049737
898.255	1.45202033
900.326	1.45199095
902.402	1.451961596
904.482	1.451932267
906.567	1.451902962
908.657	1.451873681
910.751	1.451844424
912.851	1.451815189
914.955	1.451785975
917.064	1.451756783
919.179	1.451727612
921.297	1.45169846
923.421	1.451669328
925.55	1.451640214
927.684	1.451611118
929.822	1.45158204
931.966	1.451552978
934.114	1.451523931
936.267	1.451494901
938.426	1.451465884
940.589	1.451436882
942.757	1.451407893
944.93	1.451378917
947.109	1.451349953
949.292	1.451321
951.48	1.451292058
953.674	1.451263126
955.872	1.451234204
958.076	1.45120529
960.284	1.451176384
962.498	1.451147486
964.717	1.451118595
966.941	1.451089709
969.17	1.45106083
971.404	1.451031955
973.643	1.451003084
975.888	1.450974217
978.137	1.450945353
980.392	1.450916491
982.652	1.450887631
984.918	1.450858771
987.188	1.450829912
989.464	1.450801053
991.745	1.450772192
994.031	1.45074333
996.322	1.450714466
998.619	1.450685599
1000.92	1.450656728
1003.23	1.450627853
1005.54	1.450598973
1007.86	1.450570087
1010.18	1.450541195
1012.51	1.450512297
1014.85	1.45048339
1017.18	1.450454476
1019.53	1.450425553
1021.88	1.450396621
1024.24	1.450367678
1026.6	1.450338724
1028.96	1.45030976
1031.34	1.450280783
1033.71	1.450251793
1036.1	1.45022279
1038.48	1.450193773
1040.88	1.450164741
1043.28	1.450135694
1045.68	1.450106631
1048.09	1.450077552
1050.51	1.450048455
1052.93	1.45001934
1055.36	1.449990206
1057.79	1.449961053
1060.23	1.44993188
1062.67	1.449902687
1065.12	1.449873472
1067.58	1.449844235
1070.04	1.449814976
1072.51	1.449785694
1074.98	1.449756387
1077.46	1.449727057
1079.94	1.4496977
1082.43	1.449668318
1084.93	1.44963891
1087.43	1.449609474
1089.93	1.44958001
1092.45	1.449550518
1094.96	1.449520996
1097.49	1.449491445
1100.02	1.449461863
1102.55	1.44943225
1105.1	1.449402604
1107.64	1.449372927
1110.2	1.449343216
1112.76	1.449313471
1115.32	1.449283691
1117.89	1.449253876
1120.47	1.449224026
1123.05	1.449194138
1125.64	1.449164213
1128.24	1.449134251
1130.84	1.449104249
1133.44	1.449074208
1136.06	1.449044128
1138.68	1.449014006
1141.3	1.448983843
1143.93	1.448953638
1146.57	1.44892339
1149.21	1.448893099
1151.86	1.448862763
1154.52	1.448832383
1157.18	1.448801957
1159.84	1.448771485
1162.52	1.448740966
1165.2	1.448710399
1167.88	1.448679784
1170.58	1.448649119
1173.28	1.448618406
1175.98	1.448587641
1178.69	1.448556826
1181.41	1.448525958
1184.13	1.448495038
1186.86	1.448464065
1189.6	1.448433038
1192.34	1.448401956
1195.09	1.448370819
1197.84	1.448339626
1200.6	1.448308375
1203.37	1.448277068
1206.15	1.448245702
1208.93	1.448214277
1211.71	1.448182792
1214.51	1.448151247
1217.31	1.44811964
1220.11	1.448087972
1222.93	1.448056241
1225.74	1.448024447
1228.57	1.447992589
1231.4	1.447960665
1234.24	1.447928677
1237.09	1.447896622
1239.94	1.4478645
1242.8	1.44783231
1245.66	1.447800051
1248.53	1.447767723
1251.41	1.447735326
1254.3	1.447702857
1257.19	1.447670317
1260.09	1.447637704
1262.99	1.447605019
1265.9	1.447572259
1268.82	1.447539425
1271.74	1.447506515
1274.68	1.44747353
1277.61	1.447440467
1280.56	1.447407327
1283.51	1.447374108
1286.47	1.447340809
1289.44	1.447307431
1292.41	1.447273971
1295.39	1.44724043
1298.37	1.447206806
1301.37	1.447173099
1304.37	1.447139307
1307.37	1.447105431
1310.39	1.447071468
1313.41	1.447037418
1316.44	1.44700328
1319.47	1.446969054
1322.51	1.446934737
1325.56	1.446900329
1328.62	1.44686583
1331.68	1.446831237
1334.75	1.446796549
1337.83	1.446761767
1340.91	1.446726887
1344	1.44669191
1347.1	1.446656835
1350.21	1.446621661
1353.32	1.446586386
1356.44	1.446551012
1359.56	1.446515535
1362.7	1.446479951
1365.84	1.446444252
1368.99	1.446408421
1372.14	1.446372473
1375.31	1.44633651
1378.48	1.446300688
1381.66	1.446265005
1384.84	1.44622921
1388.03	1.446193092
1391.23	1.446156688
1394.44	1.44612013
1397.65	1.446083477
1400.88	1.446046725
1404.11	1.446009865
1407.34	1.44597289
1410.59	1.445935799
1413.84	1.445898588
1417.1	1.445861255
1420.36	1.445823799
1423.64	1.445786218
1426.92	1.445748513
1430.21	1.445710686
1433.51	1.445672736
1436.81	1.445634665
1440.12	1.445596473
1443.44	1.44555816
1446.77	1.445519727
1450.11	1.445481173
1453.45	1.445442497
1456.8	1.445403699
1460.16	1.445364778
1463.52	1.445325732
1466.9	1.445286561
1470.28	1.445247263
1473.67	1.445207837
1477.07	1.445168283
1480.47	1.445128598
1483.88	1.445088782
1487.3	1.445048834
1490.73	1.445008753
1494.17	1.444968537
1497.61	1.444928185
1501.07	1.444887697
1504.53	1.444847072
1507.99	1.444806308
1511.47	1.444765404
1514.96	1.44472436
1518.45	1.444683175
1521.95	1.444641846
1525.46	1.444600374
1528.97	1.444558757
1532.5	1.444516995
1536.03	1.444475085
1539.57	1.444433028
1543.12	1.444390822
1546.68	1.444348466
1550.24	1.44430596
1553.82	1.444263301
1557.4	1.444220489
1560.99	1.444177523
1564.59	1.444134403
1568.19	1.444091125
1571.81	1.444047691
1575.43	1.444004098
1579.06	1.443960346
1582.7	1.443916433
1586.35	1.443872359
1590.01	1.443828122
1593.68	1.443783722
1597.35	1.443739156
1601.03	1.443694424
1604.72	1.443649526
1608.42	1.443604459
1612.13	1.443559223
1615.85	1.443513816
1619.57	1.443468238
1623.3	1.443422487
1627.05	1.443376563
1630.8	1.443330463
1634.56	1.443284187
1638.32	1.443237734
1642.1	1.443191102
1645.89	1.443144291
1649.68	1.443097299
1653.48	1.443050125
1657.3	1.443002768
1661.12	1.442955226
1664.94	1.442907499
1668.78	1.442859585
1672.63	1.442811484
1676.49	1.442763193
1680.35	1.442714711
1684.22	1.442666038
1688.11	1.442617173
1692	1.442568113
1695.9	1.442518857
1699.81	1.442469406
1703.73	1.442419756
1707.65	1.442369907
1711.59	1.442319858
1715.54	1.442269608
1719.49	1.442219154
1723.45	1.442168496
1727.43	1.442117633
1731.41	1.442066563
1735.4	1.442015284
1739.4	1.441963797
1743.41	1.441912098
1747.43	1.441860188
1751.46	1.441808064
1755.5	1.441755725
1759.54	1.44170317
1763.6	1.441650398
1767.66	1.441597407
1771.74	1.441544196
1775.82	1.441490763
1779.92	1.441437107
1784.02	1.441383227
1788.13	1.441329121
1792.26	1.441274788
1796.39	1.441220227
1800.53	1.441165435
1804.68	1.441110412
1808.84	1.441055156
1813.01	1.440999665
1817.19	1.440943939
1821.38	1.440887976
1825.58	1.440831774
1829.78	1.440775331
1834	1.440718647
1838.23	1.44066172
1842.47	1.440604548
1846.71	1.44054713
1850.97	1.440489464
1855.24	1.440431548
1859.52	1.440373382
1863.8	1.440314964
1868.1	1.440256292
1872.41	1.440197364
1876.72	1.440138179
1881.05	1.440078736
1885.38	1.440019033
1889.73	1.439959067
1894.09	1.439898839
1898.45	1.439838345
1902.83	1.439777584
1907.22	1.439716555
1911.61	1.439655256
1916.02	1.439593685
1920.44	1.43953184
1924.86	1.43946972
1929.3	1.439407324
1933.75	1.439344648
1938.21	1.439281692
1942.67	1.439218454
1947.15	1.439154932
1951.64	1.439091124
1956.14	1.439027028
1960.65	1.438962643
1965.17	1.438897968
1969.7	1.438832999
1974.24	1.438767735
1978.79	1.438702175
1983.35	1.438636316
1987.92	1.438570157
1992.51	1.438503696
1997.1	1.43843693
2001.7	1.438369859
2006.32	1.438302479
2010.94	1.438234791
2015.58	1.438166791
2020.23	1.438098477
2024.88	1.438029849
2029.55	1.437960904
2034.23	1.43789164
2038.92	1.437822055
2043.62	1.437752146
2048.33	1.437681913
2053.05	1.437611351
2057.78	1.437540459
2062.53	1.437469234
2067.28	1.437397673
2072.05	1.437325773
2076.82	1.437253532
2081.61	1.437180947
2086.41	1.437108015
2091.22	1.437034734
2096.04	1.4369611
2100.87	1.436887112
2105.72	1.436812768
2110.57	1.436738064
2115.44	1.436662998
2120.31	1.436587568
2125.2	1.436511772
2130.1	1.436435606
2135.01	1.436359068
2139.93	1.436282153
2144.86	1.436204857
2149.81	1.436127175
2154.76	1.4360491
2159.73	1.43597062
2164.71	1.435891725
2169.7	1.435812393
2174.7	1.435732593
2179.72	1.43565228
2184.74	1.435571426
2189.78	1.435490113
2194.82	1.435408666
2199.88	1.435327604
2204.96	1.435247266
2210.04	1.435167366
2215.13	1.435087076
2220.24	1.435005683
2225.36	1.434923093
2230.49	1.434839691
2235.63	1.434755876
2240.78	1.434671805
2245.95	1.43458744
2251.13	1.434502678
2256.32	1.434417428
2261.52	1.434331631
2266.73	1.434245265
2271.96	1.434158325
2277.19	1.434070828
2282.44	1.433982796
2287.7	1.433894254
2292.98	1.433805226
2298.26	1.433715731
2303.56	1.43362578
2308.87	1.433535378
2314.19	1.433444527
2319.53	1.433353222
2324.88	1.43326146
2330.24	1.433169235
2335.61	1.433076541
2340.99	1.432983371
2346.39	1.432889724
2351.8	1.432795591
2357.22	1.432700971
2362.65	1.43260586
2368.1	1.432510255
2373.56	1.432414155
2379.03	1.432317556
2384.51	1.432220456
2390.01	1.432122855
2395.52	1.432024748
2401.04	1.431926133
2406.58	1.431827008
2412.13	1.431727368
2417.69	1.431627207
2423.26	1.431526521
2428.85	1.431425302
2434.44	1.431323544
2440.06	1.431221237
2445.68	1.431118373
2451.32	1.431014941
2456.97	1.430910934
2462.63	1.430806341
2468.31	1.430701154
2474	1.430595365
2479.7	1.430488968
2485.42	1.430381957
2491.15	1.430274326
2496.89	1.430166072
2502.65	1.430057192
2508.42	1.429947683
2514.2	1.429837541
2520	1.429726764
2525.81	1.429615345
2531.63	1.429503277
2537.46	1.429390552
2543.31	1.429277154
2549.18	1.429163066
2555.05	1.429048268
2560.94	1.428932731
2566.85	1.428816421
2572.76	1.428699301
2578.69	1.428581322
2584.64	1.42846243
2590.6	1.428342562
2596.57	1.42822164
2602.55	1.428099579
2608.55	1.427976274
2614.57	1.427851602
2620.59	1.427725411
2626.64	1.427597516
2632.69	1.427467686
2638.76	1.427335623
2644.84	1.427200936
2650.94	1.427063093
2657.05	1.426921322
2663.18	1.426774407
2669.32	1.426620207
2675.47	1.426454832
2681.64	1.426273195
2687.82	1.4260781
2694.01	1.425899414
2700.22	1.42578737
2706.45	1.425753155
2712.69	1.425745507
2718.94	1.425720117
2725.21	1.425678486
2731.49	1.425629672
2737.79	1.425569372
2744.1	1.425493536
2750.43	1.425404716
2756.77	1.425306816
2763.12	1.425201506
2769.49	1.425088994
2775.87	1.424969601
2782.27	1.424844157
2788.69	1.424713598
2795.12	1.424578601
2801.56	1.424439557
2808.02	1.424296761
2814.49	1.424150572
2820.98	1.424001493
2827.48	1.423850119
2834	1.423697068
2840.53	1.423542898
2847.08	1.423388048
2853.64	1.423232833
2860.22	1.423077446
2866.82	1.422921971
2873.42	1.422766429
2880.05	1.422610789
2886.69	1.422454998
2893.34	1.422298989
2900.01	1.422142702
2906.7	1.421986074
2913.4	1.421829052
2920.11	1.421671591
2926.85	1.421513648
2933.59	1.421355186
2940.36	1.421196172
2947.13	1.421036576
2953.93	1.420876366
2960.74	1.420715518
2967.56	1.420554002
2974.4	1.420391799
2981.26	1.420228881
2988.13	1.420065229
2995.02	1.419900821
3001.93	1.419735639
3008.85	1.419569665
3015.78	1.419402883
3022.73	1.419235277
3029.7	1.419066832
3036.69	1.418897535
3043.69	1.418727374
3050.7	1.418556334
3057.74	1.418384406
3064.78	1.41821158
3071.85	1.418037846
3078.93	1.417863195
3086.03	1.417687616
3093.14	1.417511104
3100.27	1.41733365
3107.42	1.417155246
3114.58	1.41697588
3121.76	1.416795544
3128.96	1.416614227
3136.17	1.416431917
3143.4	1.416248599
3150.65	1.416064262
3157.91	1.415878895
3165.19	1.415692484
3172.49	1.41550502
3179.8	1.415316491
3187.13	1.415126889
3194.48	1.414936207
3201.84	1.414744436
3209.22	1.414551569
3216.62	1.414357596
3224.04	1.414162509
3231.47	1.413966299
3238.92	1.413768958
3246.38	1.413570477
3253.87	1.413370841
3261.37	1.413170046
3268.89	1.412968075
3276.42	1.41276492
3283.98	1.412560571
3291.55	1.412355013
3299.13	1.412148241
3306.74	1.411940239
3314.36	1.411730999
3322	1.411520512
3329.66	1.411308773
3337.34	1.411095771
3345.03	1.4108815
3352.74	1.410665953
3360.47	1.410449128
3368.22	1.410231013
3375.98	1.410011604
3383.76	1.40979089
3391.56	1.409568854
3399.38	1.409345487
3407.22	1.409120768
3415.07	1.408894684
3422.94	1.40866721
3430.84	1.408438332
3438.74	1.408208036
3446.67	1.407976309
3454.62	1.407743139
3462.58	1.407508526
3470.56	1.407272466
3478.56	1.407034964
3486.58	1.406796021
3494.62	1.406555646
3502.68	1.406313843
3510.75	1.406070608
3518.84	1.405825942
3526.95	1.405579838
3535.09	1.405332279
3543.23	1.40508325
3551.4	1.40483272
3559.59	1.404580657
3567.79	1.404327036
3576.02	1.404071813
3584.26	1.403814954
3592.53	1.40355642
3600.81	1.40329619
3609.11	1.403034241
3617.43	1.402770561
3625.77	1.402505158
3634.13	1.402238038
3642.5	1.401969227
3650.9	1.401698766
3659.32	1.401426687
3667.75	1.401153034
3676.21	1.400877843
3684.68	1.400601141
3693.17	1.400322936
3701.69	1.400043228
3710.22	1.399761993
3718.77	1.399479183
3727.35	1.399194735
3735.94	1.398908572
3744.55	1.398620605
3753.18	1.398330753
3761.84	1.398038926
3770.51	1.397745044
3779.2	1.397449046
3787.91	1.397150884
3796.64	1.396850524
3805.4	1.396547955
3814.17	1.39624317
3822.96	1.395936181
3831.77	1.395626999
3840.61	1.395315645
3849.46	1.395002122
3858.33	1.394686446
3867.23	1.394368607
3876.14	1.394048602
3885.08	1.393726414
3894.04	1.393402009
3903.01	1.393075356
3912.01	1.392746411
3921.03	1.392415134
3930.07	1.392081488
3939.13	1.391745423
3948.21	1.391406911
3957.31	1.391065921
3966.43	1.390722431
3975.57	1.390376432
3984.74	1.390027908
3993.92	1.38967686
4003.13	1.389323299
4012.36	1.388967224
4021.61	1.388608651
4030.88	1.38824759
4040.17	1.387884048
4049.49	1.387518047
4058.82	1.387149587
4068.18	1.386778684
4077.56	1.386405342
4086.96	1.386029559
4096.38	1.385651322
4105.82	1.385270622
4115.28	1.384887413
4124.77	1.384501634
4134.28	1.38411321
4143.81	1.383722028
4153.36	1.383327961
4162.94	1.38293086
4172.53	1.382530564
4182.15	1.38212693
4191.79	1.381719805
4201.46	1.381309081
4211.14	1.380894694
4220.85	1.380476623
4230.58	1.380054906
4240.33	1.379629642
4250.11	1.379200989
4259.9	1.378769144
4269.72	1.37833433
4279.57	1.377896802
4289.43	1.377456798
4299.32	1.377014541
4309.23	1.376570224
4319.17	1.376123963
4329.12	1.375675844
4339.1	1.375225848
4349.1	1.37477391
4359.13	1.374319863
4369.18	1.373863477
4379.25	1.373404461
4389.35	1.372942451
4399.46	1.372477037
4409.61	1.372007787
4419.77	1.371534236
4429.96	1.371055926
4440.17	1.370572408
4450.41	1.370083265
4460.67	1.369588104
4470.95	1.369086628
4481.26	1.368578572
4491.59	1.368063767
4501.94	1.367542107
4512.32	1.367013579
4522.72	1.366478219
4533.15	1.36593613
4543.6	1.365387459
4554.07	1.364832359
4564.57	1.364270982
4575.09	1.363703456
4585.64	1.363129849
4596.21	1.362550158
4606.81	1.361964293
4617.43	1.361372077
4628.07	1.360773231
4638.74	1.360167373
4649.43	1.359554044
4660.15	1.358932702
4670.89	1.358302755
4681.66	1.357663534
4692.45	1.35701438
4703.27	1.35635462
4714.11	1.355683621
4724.98	1.355000819
4735.87	1.354305805
4746.79	1.353598427
4757.73	1.352878789
4768.7	1.352147512
4779.69	1.351405716
4790.71	1.350655176
4801.75	1.349898361
4812.82	1.34913851
4823.92	1.348379486
4835.04	1.347625696
4846.18	1.346881865
4857.36	1.346152777
4868.55	1.345442876
4879.78	1.34475601
4891.02	1.344095035
4902.3	1.343461582
4913.6	1.342855911
4924.93	1.34227681
4936.28	1.341721697
4947.66	1.341186812
4959.07	1.340667355
4970.5	1.340157901
4981.96	1.339652613
4993.44	1.339145516
5004.95	1.338630754
5016.49	1.338102738
5028.05	1.337556203
5039.64	1.336986356
5051.26	1.336388815
5062.91	1.335759715
5074.58	1.335095716
5086.28	1.334394091
5098	1.333652899
5109.75	1.33287112
5121.53	1.332048954
5133.34	1.331188117
5145.17	1.330292131
5157.03	1.329366655
5168.92	1.328419621
5180.84	1.327461419
5192.78	1.326504666
5204.75	1.325563837
5216.75	1.32465454
5228.77	1.323792525
5240.83	1.322992428
5252.91	1.32226638
5265.02	1.321622667
5277.16	1.32106453
5289.32	1.320589378
5301.51	1.320188547
5313.73	1.319847611
5325.98	1.319547308
5338.26	1.319265024
5350.57	1.318976599
5362.9	1.318658216
5375.26	1.318288371
5387.66	1.317849232
5400.08	1.317327906
5412.52	1.316716859
5425	1.316013873
5437.51	1.315221639
5450.04	1.314346731
5462.61	1.313398556
5475.2	1.312388166
5487.82	1.311327159
5500.47	1.31022664
5513.15	1.30909664
5525.86	1.30794552
5538.6	1.30677992
5551.37	1.305604554
5564.16	1.304422523
5576.99	1.303235526
5589.85	1.302044102
5602.73	1.300847966
5615.65	1.299646296
5628.59	1.298437929
5641.57	1.297221602
5654.57	1.295996025
5667.61	1.294760009
5680.67	1.29351254
5693.77	1.292252696
5706.89	1.29097981
5720.05	1.289693373
5733.24	1.288393004
5746.45	1.287078491
5759.7	1.285749788
5772.98	1.284406912
5786.29	1.283050003
5799.62	1.281679358
5812.99	1.280295394
5826.39	1.278898681
5839.83	1.277489929
5853.29	1.276070014
5866.78	1.274640086
5880.31	1.273201389
5893.86	1.271755539
5907.45	1.270304228
5921.07	1.268849431
5934.71	1.267393194
5948.4	1.265937657
5962.11	1.264484973
5975.85	1.263037102
5989.63	1.261595673
6003.44	1.260162028
6017.28	1.258736816
6031.15	1.257319924
6045.05	1.255910646
6058.98	1.254507096
6072.95	1.253106589
6086.95	1.251705489
6100.98	1.250299249
6115.05	1.248882594
6129.14	1.247449677
6143.27	1.245994195
6157.44	1.244509776
6171.63	1.242990116
6185.86	1.241429271
6200.12	1.239821811
6214.41	1.238163152
6228.74	1.236449581
6243.09	1.23467847
6257.49	1.232848312
6271.91	1.230958494
6286.37	1.229009649
6300.86	1.227003225
6315.39	1.224941531
6329.94	1.222827386
6344.54	1.2206642
6359.16	1.218455586
6373.82	1.216205279
6388.51	1.213916878
6403.24	1.211593894
6418	1.209239388
6432.8	1.206856004
6447.63	1.204445917
6462.49	1.202010753
6477.39	1.199551578
6492.32	1.197068824
6507.29	1.194562464
6522.29	1.192031934
6537.32	1.189476195
6552.39	1.186893808
6567.5	1.184282982
6582.64	1.181641704
6597.81	1.178967636
6613.02	1.176258337
6628.27	1.173511277
6643.54	1.170723801
6658.86	1.167893323
6674.21	1.165017243
6689.6	1.162093051
6705.02	1.159118214
6720.47	1.15609045
6735.97	1.153007466
6751.49	1.149867072
6767.06	1.146667299
6782.66	1.143406165
6798.29	1.140081739
6813.96	1.136692292
6829.67	1.133235913
6845.42	1.129710882
6861.2	1.126115399
6877.01	1.12244753
6892.87	1.118705453
6908.76	1.114886993
6924.68	1.110990195
6940.65	1.10701263
6956.65	1.102951743
6972.68	1.098805048
6988.76	1.094569549
7004.87	1.090242246
7021.01	1.085819708
7037.2	1.081298291
7053.42	1.076674252
7069.68	1.071943301
7085.98	1.067101099
7102.31	1.062142877
7118.69	1.057063571
7135.1	1.051857836
7151.54	1.046519781
7168.03	1.041043421
7184.55	1.035422292
7201.12	1.029649537
7217.72	1.023717792
7234.36	1.017619454
7251.03	1.011346159
7267.75	1.004889398
7284.5	0.998239774
7301.29	0.991387605
7318.13	0.984322309
7335	0.977032787
7351.9	0.969507082
7368.85	0.961732562
7385.84	0.953695512
7402.87	0.945381307
7419.93	0.936773898
7437.04	0.927856402
7454.18	0.918610224
7471.36	0.909015281
7488.59	0.899049262
7505.85	0.888688504
7523.15	0.87790651
7540.5	0.86667419
7557.88	0.854960184
7575.3	0.842729296
7592.76	0.829943293
7610.27	0.816560396
7627.81	0.802534674
7645.39	0.787816293
7663.02	0.772351992
7680.68	0.75608421
7698.39	0.738952794
7716.14	0.720895527
7733.92	0.701849819
7751.75	0.681756001
7769.62	0.660561083
7787.53	0.638226419
7805.48	0.614738048
7823.48	0.590124427
7841.51	0.56448277
7859.59	0.538018408
7877.71	0.511099176
7895.87	0.484317461
7914.07	0.458530657
7932.31	0.434819258
7950.6	0.414299881
7968.93	0.397825673
7987.3	0.385746947
8005.71	0.377896117
8024.17	0.373762704
8042.66	0.37270178
8061.2	0.374074036
8079.79	0.377309252
8098.41	0.38192166
8117.08	0.387504539
8135.79	0.393718175
8154.55	0.400278616
8173.35	0.406948167
8192.19	0.413529087
8211.07	0.41985886
8230	0.425806883
8248.97	0.431271672
8267.99	0.436178849
8287.05	0.440478853
8306.15	0.444143718
8325.3	0.447164205
8344.49	0.449545821
8363.73	0.451304209
8383.01	0.452460656
8402.33	0.453037198
8421.7	0.453052096
8441.12	0.452515799
8460.57	0.451427689
8480.08	0.449774696
8499.63	0.447530196
8519.22	0.444655787
8538.86	0.441103884
8558.54	0.436822901
8578.27	0.431763717
8598.05	0.425888686
8617.87	0.419182638
8637.73	0.411665745
8657.65	0.403409169
8677.6	0.394553188
8697.61	0.385328455
8717.66	0.376080985
8737.76	0.36730183
8757.9	0.359660512
8778.09	0.354040659
8798.32	0.351572128
8818.6	0.353650889
8838.93	0.361933899
8859.31	0.378296967
8879.73	0.404746572
8900.2	0.443284694
8920.72	0.495735448
8941.28	0.563550978
8961.9	0.647620605
8982.55	0.748108812
9003.26	0.864347082
9024.02	0.994798549
9044.82	1.137108183
9065.67	1.288240113
9086.57	1.444693456
9107.51	1.602776773
9128.51	1.758911169
9149.55	1.909925841
9170.64	2.053307218
9191.79	2.187366434
9212.97	2.311298822
9234.21	2.425124536
9255.5	2.529519767
9276.84	2.625568328
9298.22	2.714479621
9319.66	2.797327441
9341.14	2.874854757
9362.67	2.947372989
9384.26	3.014758766
9405.89	3.076529546
9427.57	3.131967442
9449.3	3.180258537
9471.09	3.220621429
9492.92	3.252408825
9514.8	3.275175551
9536.74	3.288714205
9558.72	3.293062923
9580.76	3.288493657
9602.84	3.275485433
9624.98	3.254690586
9647.17	3.226896949
9669.41	3.192989118
9691.7	3.15391157
9714.04	3.110633926
9736.43	3.064120042
9758.88	3.015300789
9781.37	2.965050807
9803.92	2.914170042
9826.52	2.863369665
9849.18	2.813262313
9871.88	2.764357551
9894.64	2.717060963
9917.45	2.671677313
9940.31	2.628416791
9963.22	2.587405097
9986.19	2.548693863
10009.2	2.51227355
10032.3	2.478085401
10055.4	2.446034089
10078.6	2.415998504
10101.8	2.38784182
10125.1	2.361419459
10148.5	2.336585696
10171.8	2.313198506
10195.3	2.291123
10218.8	2.270233517
10242.4	2.250414974
10266	2.231563405
10289.6	2.21358522
10313.4	2.196397456
10337.1	2.179926457
10361	2.16410736
10384.8	2.14888295
10408.8	2.13420284
10432.8	2.120022467
10456.8	2.106302926
10480.9	2.093009227
10505.1	2.080110907
10529.3	2.067580192
10553.6	2.055393048
10577.9	2.043527342
10602.3	2.031963419
10626.7	2.020683384
10651.2	2.009671149
10675.8	1.998911697
10700.4	1.988391576
10725.1	1.978098194
10749.8	1.968019529
10774.6	1.9581447
10799.4	1.948462855
10824.3	1.938963856
10849.3	1.929637625
10874.3	1.92047404
10899.3	1.911463018
10924.5	1.902594331
10949.6	1.893857088
10974.9	1.885240441
11000.2	1.876731953
11025.5	1.8683197
11051	1.859989787
11076.4	1.851727789
11102	1.843518432
11127.6	1.835345107
11153.2	1.827189951
11178.9	1.819034291
11204.7	1.810858648
11230.5	1.802643061
11256.4	1.794366162
11282.4	1.78600769
11308.4	1.777547178
11334.4	1.768965738
11360.6	1.760247033
11386.8	1.751377008
11413	1.742346228
11439.3	1.733150435
11465.7	1.723792627
11492.1	1.714283962
11518.6	1.704645134
11545.2	1.694908063
11571.8	1.685117305
11598.4	1.675330771
11625.2	1.665619597
11652	1.656069754
11678.8	1.646779403
11705.8	1.637859081
11732.8	1.629428304
11759.8	1.621612565
11786.9	1.614538405
11814.1	1.608328594
11841.3	1.603096208
11868.6	1.598938691
11896	1.595932279
11923.4	1.594127391
11950.9	1.593545552
11978.4	1.594178342
12006	1.595988664
12033.7	1.598914387
12061.5	1.602874142
12089.3	1.607774764
12117.1	1.613519673
12145.1	1.620017311
12173.1	1.627188707
12201.1	1.634973246
12229.3	1.643331861
12257.4	1.652247066
12285.7	1.661719554
12314	1.671761491
12342.4	1.682387039
12370.9	1.693601089
12399.4	1.70538751
12428	1.717698418
12456.6	1.730445926
12485.3	1.7434976
12514.1	1.756676346
12543	1.769764915
12571.9	1.782514627
12600.9	1.794657415
12629.9	1.805919978
12659	1.816038723
12688.2	1.824774181
12717.4	1.831923797
12746.8	1.837332236
12776.1	1.840898653
12805.6	1.842580653
12835.1	1.842394954
12864.7	1.84041496
12894.4	1.836765634
12924.1	1.831616168
12953.9	1.825171024
12983.7	1.817659924
13013.7	1.809327367
13043.7	1.800422196
13073.7	1.791187697
13103.9	1.78185261
13134.1	1.772623391
13164.4	1.763677977
13194.7	1.75516122
13225.1	1.74718212
13255.6	1.739812867
13286.2	1.733089671
13316.8	1.727015214
13347.5	1.721562536
13378.3	1.716680049
13409.1	1.71229731
13440	1.708331198
13471	1.704692058
13502.1	1.701289489
13533.2	1.698037428
13564.4	1.694858313
13595.6	1.691686167
13627	1.68846855
13658.4	1.685167394
13689.9	1.681758825
13721.4	1.678232139
13753.1	1.674588109
13784.8	1.670836855
13816.6	1.666995483
13848.4	1.6630857
13880.3	1.659131564
13912.3	1.655157514
13944.4	1.651186755
13976.5	1.647240046
14008.8	1.643334902
14041.1	1.639485171
14073.4	1.635700931
14105.9	1.63198866
14138.4	1.628351576
14171	1.624790107
14203.6	1.621302404
14236.4	1.617884863
14269.2	1.614532615
14302.1	1.611239948
14335.1	1.608000676
14368.1	1.604808411
14401.2	1.601656783
14434.4	1.598539587
14467.7	1.595450878
14501.1	1.592385027
14534.5	1.58933674
14568	1.586301057
14601.6	1.583273342
14635.2	1.580249251
14669	1.577224712
14702.8	1.574195891
14736.7	1.571159168
14770.7	1.568111112
14804.7	1.565048463
14838.8	1.561968108
14873	1.558867077
14907.3	1.555742525
14941.7	1.55259173
14976.1	1.549412089
15010.7	1.546201111
15045.3	1.542956425
15079.9	1.539675778
15114.7	1.536357036
15149.6	1.532998197
15184.5	1.529597391
15219.5	1.52615289
15254.6	1.522663118
15289.7	1.519126656
15325	1.515542255
15360.3	1.511908844
15395.7	1.508225543
15431.2	1.504491672
15466.8	1.50070676
15502.4	1.496870557
15538.2	1.492983046
15574	1.489044448
15609.9	1.485055232
15645.9	1.481016127
15681.9	1.476928124
15718.1	1.472792481
15754.3	1.468610733
15790.6	1.464384689
15827	1.460116433
15863.5	1.455808326
15900.1	1.451463
15936.8	1.44708335
15973.5	1.44267253
16010.3	1.438233938
16047.2	1.433771204
16084.2	1.429288173
16121.3	1.424788882
16158.5	1.420277541
16195.7	1.415758503
16233	1.411236238
16270.5	1.4067153
16308	1.402200287
16345.6	1.397695811
16383.2	1.393206452
16421	1.388736714
16458.9	1.384290986
16496.8	1.379873488
16534.8	1.375488231
16573	1.371138958
16611.2	1.366829105
16649.4	1.362561746
16687.8	1.358339544
16726.3	1.354164709
16764.9	1.350038944
16803.5	1.345963412
16842.2	1.341938685
16881.1	1.337964716
16920	1.3340408
16959	1.330165548
16998.1	1.326336862
17037.3	1.322551914
17076.5	1.318807135
17115.9	1.315098203
17155.4	1.311420042
17194.9	1.307766822
17234.5	1.304131968
17274.3	1.300508169
17314.1	1.296887396
17354	1.293260926
17394	1.289619361
17434.1	1.285952661
17474.3	1.282250172
17514.6	1.278500663
17555	1.274692358
17595.4	1.270812974
17636	1.266849754
17676.6	1.262789512
17717.4	1.258618661
17758.2	1.25432325
17799.2	1.249888998
17840.2	1.245301325
17881.3	1.240545377
17922.6	1.235606054
17963.9	1.230468026
18005.3	1.225115753
18046.8	1.219533494
18088.4	1.213705317
18130.1	1.207615094
18171.9	1.201246505
18213.8	1.194583019
18255.8	1.187607883
18297.8	1.180304096
18340	1.17265438
18382.3	1.164641138
18424.7	1.156246417
18467.1	1.14745185
18509.7	1.138238597
18552.4	1.128587282
18595.2	1.118477921
18638	1.107889842
18681	1.096801608
18724.1	1.085190933
18767.2	1.073034611
18810.5	1.060308448
18853.8	1.046987213
18897.3	1.033044625
18940.9	1.018453386
18984.5	1.003185288
