191.07	1.06066548
192.66	1.07220244
194.25	1.0775164
195.85	1.08283048
197.44	1.08814465
199.04	1.10037661
200.63	1.1131598
202.23	1.12113147
203.82	1.12910333
205.42	1.14415062
207.01	1.15757101
208.6	1.16952944
210.2	1.1809919
211.79	1.18896452
213.39	1.20387431
214.98	1.21490982
216.58	1.22288272
218.17	1.23000002
219.77	1.23000002
221.36	1.23680214
222.96	1.24000001
224.55	1.24000001
226.14	1.23927748
227.74	1.23130373
229.33	1.18997971
230.93	1.174644
232.52	1.22450668
234.12	1.34585488
235.71	1.29003514
237.31	1.27345921
238.9	1.26096947
240.5	1.25
242.09	1.24953552
243.69	1.2415608
245.28	1.24000001
246.88	1.24000001
248.47	1.237636
250.07	1.22966091
251.66	1.2216857
253.26	1.22000003
254.85	1.22000003
256.45	1.21775955
258.04	1.20978397
259.64	1.2018084
261.23	1.1938327
262.83	1.18378544
264.42	1.17182147
266.02	1.16004739
267.61	1.16403542
269.21	1.1680234
270.8	1.16999996
272.4	1.16800069
274	1.1600245
275.59	1.15204819
277.19	1.14407188
278.78	1.13999999
280.38	1.13811888
281.97	1.13014233
283.57	1.12216577
285.16	1.11418922
286.76	1.10621254
288.35	1.09823574
289.95	1.09025894
291.54	1.07456426
293.14	1.06430529
294.73	1.05632832
296.33	1.04999995
297.93	1.04999995
299.52	1.04239742
301.12	1.03999996
302.71	1.03999996
304.31	1.03846615
305.9	1.03048898
307.5	1.02999997
309.09	1.03364352
310.69	1.03896163
312.28	1.03999996
313.88	1.03999996
315.47	1.04737422
317.07	1.05535151
318.67	1.06332884
320.26	1.0713062
321.86	1.07928349
323.45	1.09089115
325.05	1.10285726
326.64	1.11428728
328.24	1.12492383
329.83	1.13556021
331.43	1.14619659
333.02	1.15683314
334.62	1.16746952
336.22	1.17945691
337.81	1.19186624
339.41	1.20427537
341	1.21668451
342.6	1.22909364
344.19	1.24115929
345.79	1.25073188
347.38	1.26030463
348.98	1.26987723
350.58	1.27944997
352.17	1.28902257
353.77	1.29859502
355.36	1.30866265
356.96	1.31881526
358.55	1.32896804
360.15	1.33912065
361.74	1.34927312
363.34	1.35942558
364.93	1.36957804
366.53	1.3797305
368.12	1.38988297
369.72	1.40003527
371.32	1.41018742
372.91	1.42033958
374.51	1.43049173
376.1	1.4405519
377.7	1.4492536
379.29	1.45795516
380.89	1.46665686
382.48	1.47535829
384.08	1.48405985
385.67	1.49276115
387.27	1.50103131
388.86	1.50716674
390.46	1.51330218
392.05	1.51943761
393.65	1.52557295
395.24	1.5317083
396.84	1.53784354
398.43	1.5439787
400.03	1.55009107
401.62	1.55499914
403.22	1.55990712
404.81	1.56481511
406.41	1.56972302
408.01	1.57463086
409.6	1.57953862
411.2	1.58444639
412.79	1.58935415
414.39	1.59369352
415.98	1.59794677
417.57	1.60219989
419.17	1.60645301
420.76	1.61070613
422.36	1.61495912
423.95	1.61921211
425.55	1.62346498
427.14	1.62771784
428.74	1.63246337
430.33	1.63777928
431.93	1.6430952
433.52	1.64841095
435.12	1.65372654
436.71	1.65904229
438.31	1.66435771
439.9	1.6696733
441.5	1.67498856
443.09	1.68017097
444.69	1.68316072
446.28	1.68615048
447.87	1.68914023
449.47	1.6921299
451.06	1.69511956
452.66	1.69810913
454.25	1.70109861
455.85	1.70408809
457.44	1.70707757
459.04	1.71007925
460.63	1.71362221
462.22	1.71716496
463.82	1.72070771
465.41	1.72425046
467.01	1.72779299
468.6	1.73133563
470.2	1.73487805
471.79	1.73842048
473.38	1.74196279
474.98	1.7455051
476.57	1.74904731
478.17	1.75183984
479.76	1.7543566
481.35	1.75687327
482.95	1.75938987
484.54	1.76190647
486.13	1.76442291
487.73	1.76693944
489.32	1.7694558
490.92	1.77197217
492.51	1.77448846
494.1	1.77700468
495.7	1.77952089
497.29	1.78184295
498.88	1.78411939
500.48	1.78639582
502.07	1.78867212
503.66	1.79094841
505.26	1.79322464
506.85	1.79550079
508.44	1.79777688
510.04	1.80005297
511.63	1.80232898
513.22	1.80460486
514.82	1.80688074
516.41	1.80915661
518	1.81227878
519.6	1.81589928
521.19	1.81951955
522.78	1.82313983
524.37	1.82676
525.97	1.83038005
527.56	1.834
529.15	1.83761994
530.75	1.84123967
532.34	1.84485928
533.93	1.84847889
535.52	1.85209839
537.12	1.85571767
538.71	1.85933695
540.3	1.86312165
541.89	1.86694337
543.49	1.87076496
545.08	1.87458645
546.67	1.87840781
548.26	1.88222906
549.85	1.88605018
551.45	1.8898712
553.04	1.89369209
554.63	1.89751287
556.22	1.90133353
557.81	1.90515407
559.41	1.90897438
561	1.91279469
562.59	1.91661488
564.18	1.92062736
565.77	1.92613692
567.36	1.93164615
568.96	1.93715537
570.55	1.94266442
572.14	1.94817314
573.73	1.95368169
575.32	1.95919023
576.91	1.96469844
578.5	1.97020648
580.1	1.97571435
581.69	1.98122188
583.28	1.98672942
584.87	1.99223661
586.46	1.99774381
588.05	2.00325066
589.64	2.00875735
591.23	2.01410594
592.82	2.01940818
594.41	2.02471043
596	2.03001234
597.59	2.03531409
599.18	2.04061568
600.78	2.04591711
602.37	2.05121821
603.96	2.05651915
605.55	2.06181993
607.14	2.06712054
608.73	2.07242083
610.32	2.07772095
611.91	2.08302092
613.5	2.08832072
615.09	2.09362019
616.68	2.0989195
618.27	2.10421865
619.86	2.10951764
621.44	2.11451529
623.03	2.11948266
624.62	2.12444972
626.21	2.12941663
627.8	2.13438338
629.39	2.13934998
630.98	2.14431628
632.57	2.14928242
634.16	2.15424826
635.75	2.15921395
637.34	2.16472032
638.93	2.17032809
640.52	2.17593567
642.1	2.18154292
643.69	2.18714999
645.28	2.19275689
646.87	2.19836345
648.46	2.20396983
650.05	2.20957587
651.63	2.21518173
653.22	2.22091866
654.81	2.22745823
656.4	2.2339974
657.99	2.24053637
659.58	2.24707514
661.16	2.25361351
662.75	2.26015147
664.34	2.26668924
665.93	2.2732268
667.51	2.27976396
669.1	2.28630072
670.69	2.29253861
672.28	2.29838693
673.86	2.30423471
675.45	2.31008249
677.04	2.31592991
678.63	2.32177697
680.21	2.32762367
681.8	2.33347019
683.39	2.33931653
684.97	2.34516251
686.56	2.35100813
688.15	2.35685339
689.73	2.36308399
691.32	2.3697639
692.91	2.37644339
694.49	2.38312247
696.08	2.38980115
697.66	2.39647962
699.25	2.40315767
700.84	2.40983532
702.42	2.41651276
704.01	2.42318978
705.59	2.42986661
707.18	2.43654281
708.76	2.44364031
710.35	2.45119029
711.94	2.45873958
713.52	2.46628863
715.11	2.47383722
716.69	2.48138534
718.28	2.48893323
719.86	2.49648066
721.45	2.50402762
723.03	2.51157411
724.62	2.51912038
726.2	2.52666618
727.78	2.53421128
729.37	2.5418442
730.95	2.54976584
732.54	2.557687
734.12	2.5656079
735.71	2.57352832
737.29	2.58144825
738.87	2.5893677
740.46	2.5972869
742.04	2.60520536
743.62	2.61312359
745.21	2.62104132
746.79	2.62895832
748.38	2.63687508
749.96	2.64479159
751.54	2.65203055
753.12	2.65796701
754.71	2.6639031
756.29	2.669839
757.87	2.67577436
759.46	2.68170954
761.04	2.68764435
762.62	2.69357861
764.2	2.69951268
765.79	2.70544639
767.37	2.71137974
768.95	2.71731253
770.53	2.72324514
772.11	2.72917739
773.7	2.73510927
775.28	2.74144321
776.86	2.74966773
778.44	2.7578915
780.02	2.766115
781.6	2.774338
783.18	2.7825605
784.77	2.79078223
786.35	2.7990037
787.93	2.80722442
789.51	2.81544488
791.09	2.82366458
792.67	2.83188377
794.25	2.84010245
795.83	2.84832063
797.41	2.8565383
798.99	2.86475546
800.57	2.87232856
802.15	2.87876572
803.73	2.88520229
805.31	2.89163846
806.89	2.89807423
808.47	2.9045096
810.05	2.91094458
811.63	2.91737916
813.21	2.92381314
814.79	2.93024692
816.37	2.93668011
817.95	2.94311289
819.52	2.94954508
821.1	2.95597688
822.68	2.96240827
824.26	2.96883927
825.84	2.97526987
827.42	2.98149032
829	2.98712683
830.57	2.99276263
832.15	2.99839844
833.73	3.00403355
835.31	3.00966831
836.88	3.01530272
838.46	3.02093678
840.04	3.02657015
841.62	3.03220351
843.19	3.03783618
844.77	3.0434685
846.35	3.04910047
847.93	3.05473209
849.5	3.06036336
851.08	3.06599394
852.65	3.07162451
854.23	3.07725439
855.81	3.08234434
857.38	3.08692005
858.96	3.09149575
860.54	3.09607089
862.11	3.10064575
863.69	3.10522032
865.26	3.10979461
866.84	3.11436862
868.41	3.11894206
869.99	3.12351521
871.56	3.12808808
873.14	3.13266039
874.71	3.13723269
876.29	3.14180443
877.86	3.14637589
879.44	3.15094706
881.01	3.15551766
882.59	3.16008798
884.16	3.16465802
885.73	3.16922777
887.31	3.17245222
888.88	3.17540296
890.46	3.17835352
892.03	3.1813039
893.6	3.18425391
895.18	3.18720373
896.75	3.19015338
898.32	3.19310284
899.89	3.19605193
901.47	3.19900084
903.04	3.20194939
904.61	3.20489793
906.18	3.20784611
907.76	3.21079392
909.33	3.21374173
910.9	3.21668918
912.47	3.21963644
914.04	3.22258334
915.62	3.22553005
917.19	3.22847658
918.76	3.23105403
920.33	3.23323624
921.9	3.23541831
923.47	3.23760011
925.04	3.23978178
926.61	3.24196331
928.18	3.24414456
929.75	3.24632569
931.32	3.24850667
932.89	3.25068739
934.46	3.25286797
936.03	3.25504842
937.6	3.25722859
939.17	3.25940863
940.74	3.26158839
942.31	3.26376803
943.88	3.26594752
945.45	3.26812675
947.02	3.27030583
948.59	3.27248479
950.16	3.27466347
951.73	3.27684202
953.29	3.27902029
954.86	3.2806812
956.43	3.28191915
958	3.28315702
959.57	3.28439481
961.13	3.28563244
962.7	3.28687
964.27	3.28810741
965.84	3.28934474
967.4	3.29058192
968.97	3.29181901
970.54	3.29305603
972.1	3.2942929
973.67	3.29552961
975.24	3.29676625
976.8	3.29800281
978.37	3.29923921
979.94	3.30047554
981.5	3.30171171
983.07	3.30294781
984.63	3.30418375
986.2	3.30541961
987.76	3.3066554
989.33	3.30789096
990.89	3.30912651
992.46	3.31048257
994.02	3.31212957
995.59	3.31377646
997.15	3.31542315
998.72	3.31706973
1010.8	3.32982743
1014.3	3.33345839
1017.7	3.33708873
1021.2	3.34071846
1024.6	3.34434757
1028.1	3.34797606
1031.5	3.35152384
1035	3.35496994
1038.4	3.35841537
1041.9	3.3618603
1045.3	3.36530475
1048.7	3.36874871
1052.2	3.37219208
1055.6	3.37563496
1059.1	3.37907726
1062.5	3.38251917
1066	3.38596059
1069.4	3.38940142
1072.8	3.39284186
1076.3	3.39628182
1079.7	3.39972138
1083.2	3.40442445
1086.6	3.40923845
1090	3.4140519
1093.5	3.41886467
1096.9	3.42367675
1100.3	3.42848829
1103.8	3.43329928
1107.2	3.43810973
1110.7	3.44291949
1114.1	3.44772884
1117.5	3.45253751
1121	3.45734576
1124.4	3.46215334
1127.8	3.4669605
1131.3	3.47176712
1134.7	3.47657332
1138.1	3.48137885
1141.6	3.4861841
1145	3.49098866
1148.4	3.49579295
1151.9	3.5005967
1155.3	3.5053999
1158.7	3.51020282
1162.1	3.5150052
1165.6	3.51980717
1169	3.52460886
1172.4	3.52941001
1175.9	3.53421075
1179.3	3.53901121
1182.7	3.54362978
1186.2	3.54820087
1189.6	3.55277169
1193	3.55734213
1196.4	3.56191218
1199.9	3.56648197
1203.3	3.57105149
1206.7	3.57562076
1210.1	3.58018964
1213.6	3.58475825
1217	3.58932661
1220.4	3.5938947
1223.8	3.59846254
1227.3	3.60303024
1230.7	3.60759755
1234.1	3.61216474
1237.5	3.61673166
1241	3.62097372
1244.4	3.62439865
1247.8	3.62782338
1251.2	3.63124801
1254.7	3.63467255
1258.1	3.63809689
1261.5	3.64152113
1264.9	3.64494527
1268.4	3.64836932
1271.8	3.65358642
1275.2	3.66043407
1278.6	3.66728152
1282.1	3.67412878
1285.5	3.68097604
1288.9	3.68782311
1292.3	3.69311334
1295.8	3.69767791
1299.2	3.70224236
1302.6	3.70680681
1306	3.71137113
1309.5	3.71593545
1312.9	3.72049977
1316.3	3.72506409
1319.7	3.7296284
1323.1	3.73419272
1326.6	3.73875691
1330	3.74332123
1333.4	3.74788555
1336.8	3.75245
1340.3	3.75701445
1343.7	3.7615789
1347.1	3.76614334
1350.5	3.77053094
1354	3.77395447
1357.4	3.777378
1360.8	3.78080163
1364.2	3.78422536
1367.6	3.78764918
1371.1	3.79107301
1374.5	3.79449703
1377.9	3.79792115
1381.3	3.80224214
1384.8	3.80794933
1388.2	3.81365684
1391.6	3.81936435
1395	3.82507219
1398.5	3.83078036
1401.9	3.83648869
1405.3	3.84219718
1408.7	3.84790599
1412.2	3.85578429
1415.6	3.86491947
1419	3.8740549
1422.4	3.88319112
1425.9	3.89232759
1429.3	3.90146485
1432.7	3.91060263
1436.2	3.91974093
1439.6	3.92887975
1443	3.93300719
1446.4	3.93643473
1449.9	3.93986246
1453.3	3.94329048
1456.7	3.9467188
1460.1	3.95014731
1463.6	3.95357602
1467	3.95700512
1470.4	3.96043441
1473.9	3.9638641
1477.3	3.96729398
1480.7	3.97072425
1484.2	3.97415471
1487.6	3.97758557
1491	3.98101672
1494.4	3.98444816
1497.9	3.98787999
1501.3	3.99131212
1504.7	3.99474463
1508.2	3.99817744
1511.6	4.00161064
1515	4.00504423
1518.5	4.00847821
1521.9	4.01191249
1525.3	4.01534715
1528.8	4.01878231
1532.2	4.02221775
1535.7	4.02565369
1539.1	4.02908991
1542.5	4.03252663
1546	4.03596374
1549.4	4.03940133
1552.8	4.04496885
1556.3	4.05098619
1559.7	4.05700423
1563.2	4.06302311
1566.6	4.06904286
1570	4.07506328
1573.5	4.08108456
1576.9	4.08710686
1580.4	4.09312985
1583.8	4.0991537
1587.2	4.10517856
1590.7	4.11120411
1594.1	4.11723064
1597.6	4.12325803
1601	4.12928645
1604.5	4.13531572
1607.9	4.14134602
1611.4	4.14737717
1614.8	4.15340934
1618.3	4.15944237
1621.7	4.1654766
1625.1	4.17151168
1628.6	4.17754779
1632	4.18286792
1635.5	4.18769862
1639	4.19252986
1642.4	4.19736233
1645.9	4.20219535
1649.3	4.20702946
1652.8	4.2118644
1656.2	4.21670015
1659.7	4.22153673
1663.1	4.22637412
1666.6	4.23121261
1670	4.23605219
1673.5	4.24089232
1677	4.24573354
1680.4	4.25071983
1683.9	4.25677375
1687.3	4.26282904
1690.8	4.26888535
1694.3	4.27494303
1697.7	4.28100174