210	0.003
220	0.003
230	0.003
240	0.003
250	0.004
260	0.004
270	0.004
280	0.005
290	0.005
300	0.005
310	0.006
320	0.006
330	0.007
340	0.007
350	0.008
360	0.01
370	0.009
380	0.006
390	0.006
400	0.006
410	0.006
420	0.006
430	0.006
440	0.007
450	0.007
460	0.007
470	0.007
480	0.008
490	0.008
500	0.008
510	0.008
520	0.008
530	0.009
540.2	0.009
550	0.009
560	0.009
570	0.009
580	0.01
590	0.01
600	0.01
610	0.01
620	0.01
630	0.01
640	0.011
650	0.011
660	0.011
670	0.011
680	0.011
690	0.012
700	0.012
710	0.012
720	0.012
730	0.012
740	0.013
750	0.013
760	0.013
770	0.013
780	0.014
790	0.014
800	0.014
810	0.014
820	0.014
830	0.015
840	0.015
850	0.015
860	0.016
870	0.016
880	0.016
890	0.017
900	0.017
910	0.017
920	0.017
930	0.017
940	0.018
950	0.018
960	0.018
970	0.018
980	0.018
990	0.018
1000	0.019
1010	0.019
1020	0.019
1030	0.019
1040	0.019
1050	0.019
1060	0.019
1070	0.02
1080	0.02
1090	0.02
1100	0.02
1110	0.02
1120	0.02
1130	0.021
1140	0.021
1150	0.021
1160	0.021
1170	0.021
1180	0.021
1190	0.021
1200	0.021
1210	0.021
1220	0.021
1230	0.021
1240	0.021
1250	0.021
1260	0.021
1270	0.022
1280	0.022
1290	0.022
1300	0.022
1310	0.022
1320	0.022
1330	0.022
1340	0.022
1350	0.022
1360	0.022
1370	0.022
1380	0.022
1390	0.022
1400	0.022
1410	0.022
1420	0.022
1430	0.023
1440	0.023
1450	0.023
1460	0.023
1470	0.023
1480	0.023
1490	0.023
1500	0.023
1510	0.023
1520	0.023
1530	0.023
1540	0.023
1550	0.023
1560	0.023
1570	0.023
1580	0.023
1590	0.024
1600	0.024
1610	0.024
1620	0.024
1630	0.024
1640	0.024
1650	0.024
1660	0.024
1670	0.024
1680	0.024
1690	0.024
1700	0.024
1710	0.024
1720	0.024
1730	0.024
1740	0.024
1750	0.024
1760	0.024
1770	0.024
1780	0.024
1790	0.024
1800	0.024
1810	0.024
1820	0.025
1830	0.025
1840	0.025
1850	0.024
1860	0.024
1870	0.025
1880	0.025
1890	0.025
1900	0.025
1910	0.025
1920	0.025
1930	0.025
1940	0.025
1950	0.025
1960	0.025
1970	0.025
1980	0.025
1990	0.025
2000	0.025
2010	0.025
2020	0.026
2030	0.026
2040	0.026
2050	0.026
2060	0.026
2070	0.026
2080	0.026
2090	0.026
2100	0.026
2110	0.026
2120	0.026
2130	0.026
2140	0.026
2150	0.026
2160	0.026
2170	0.026
2180	0.026
2190	0.026
2200	0.026
2210	0.026
2220	0.026
2230	0.026
2240	0.026
2250	0.026
2260	0.026
2270	0.026
2280	0.026
2290	0.027
2300	0.027
2310	0.027
2320	0.027
2330	0.027
2340	0.027
2350	0.027
2360	0.027
2370	0.027
2380	0.027
2390	0.027
2400	0.027
2410	0.027
2420	0.027
2430	0.027
2440	0.027
2450	0.027
2460	0.027
2470	0.027
2480	0.027
2490	0.027
2500	0.028
2506.3	0.028
2512.6	0.028
2518.9	0.027
2525.3	0.027
2531.6	0.027
2538.1	0.027
2544.5	0.027
2551	0.026
2557.5	0.027
2564.1	0.026
2570.7	0.026
2577.3	0.026
2584	0.027
2590.7	0.026
2597.4	0.026
2604.2	0.026
2611	0.026
2617.8	0.026
2624.7	0.025
2631.6	0.025
2638.5	0.024
2645.5	0.025
2652.5	0.024
2659.6	0.024
2666.7	0.025
2673.8	0.024
2681	0.023
2688.2	0.022
2695.4	0.021
2702.7	0.021
2710	0.022
2717.4	0.023
2724.8	0.022
2732.2	0.022
2739.7	0.022
2747.3	0.022
2754.8	0.022
2762.4	0.021
2770.1	0.022
2777.8	0.022
2785.5	0.022
2793.3	0.023
2801.1	0.022
2809	0.022
2816.9	0.023
2824.9	0.024
2832.9	0.024
2840.9	0.024
2849	0.024
2857.1	0.024
2865.3	0.025
2873.6	0.025
2881.8	0.025
2890.2	0.025
2898.6	0.025
2907	0.025
2915.5	0.026
2924	0.027
2932.6	0.027
2941.2	0.027
2949.9	0.027
2958.6	0.028
2967.4	0.028
2976.2	0.029
2985.1	0.03
2994	0.029
3003	0.029
3012	0.03
3021.1	0.029
3030.3	0.03
3039.5	0.03
3048.8	0.03
3058.1	0.03
3067.5	0.03
3076.9	0.03
3086.4	0.032
3096	0.031
3105.6	0.032
3115.3	0.031
3125	0.031
3134.8	0.031
3144.7	0.032
3154.6	0.032
3164.6	0.031
3174.6	0.031
3184.7	0.032
3194.9	0.032
3205.1	0.031
3215.4	0.032
3225.8	0.033
3236.2	0.032
3246.8	0.032
3257.3	0.033
3268	0.033
3278.7	0.032
3289.5	0.032
3300.3	0.032
3311.3	0.033
3322.3	0.032
3333.3	0.032
3344.5	0.031
3355.7	0.032
3367	0.032
3378.4	0.032
3389.8	0.032
3401.4	0.032
3413	0.032
3424.7	0.033
3436.4	0.033
3448.3	0.033
3460.2	0.033
3472.2	0.033
3484.3	0.033
3496.5	0.033
3508.8	0.034
3521.1	0.035
3533.6	0.035
3546.1	0.033
3558.7	0.034
3571.4	0.035
3584.2	0.033
3597.1	0.034
3610.1	0.034
3623.2	0.034
3636.4	0.034
3649.6	0.033
3663	0.035
3676.5	0.034
3690	0.034
3703.7	0.034
3717.5	0.035
3731.3	0.034
3745.3	0.034
3759.4	0.035
3773.6	0.034
3787.9	0.034
3802.3	0.033
3816.8	0.034
3831.4	0.034
3846.2	0.034
3861	0.033
3876	0.034
3891.1	0.034
3906.3	0.034
3921.6	0.034
3937	0.034
3952.6	0.033
3968.3	0.033
3984.1	0.033
4000	0.034
4016.1	0.033
4032.3	0.032
4048.6	0.032
4065	0.033
4081.6	0.033
4098.4	0.033
4115.2	0.033
4132.2	0.032
4149.4	0.032
4166.7	0.032
4184.1	0.033
4201.7	0.031
4219.4	0.032
4237.3	0.031
4255.3	0.032
4273.5	0.032
4291.8	0.033
4310.3	0.032
4329	0.032
4347.8	0.032
4366.8	0.032
4386	0.032
4405.3	0.032
4424.8	0.032
4444.4	0.031
4464.3	0.032
4484.3	0.032
4504.5	0.032
4524.9	0.032
4545.5	0.032
4566.2	0.032
4587.2	0.032
4608.3	0.032
4629.6	0.032
4651.2	0.031
4672.9	0.031
4694.8	0.032
4717	0.032
4739.3	0.033
4761.9	0.033
4784.7	0.032
4807.7	0.033
4830.9	0.032
4854.4	0.033
4878	0.033
4902	0.033
4926.1	0.033
4950.5	0.034
4975.1	0.034
5000	0.036
5025.1	0.036
5050.5	0.034
5076.1	0.033
5102	0.033
5128.2	0.033
5154.6	0.033
5181.3	0.033
5208.3	0.033
5235.6	0.033
5263.2	0.032
5291	0.032
5319.1	0.032
5347.6	0.031
5376.3	0.031
5405.4	0.032
5434.8	0.032
5464.5	0.03
5494.5	0.03
5524.9	0.03
5555.6	0.03
5586.6	0.03
5618	0.029
5649.7	0.028
5681.8	0.027
5714.3	0.028
5747.1	0.03
5780.3	0.031
5814	0.032
5848	0.032
5882.4	0.031
5917.2	0.03
5952.4	0.031
5988	0.03
6024.1	0.031
6060.6	0.031
6097.6	0.028
6135	0.029
6172.8	0.03
6211.2	0.03
6250	0.03
6289.3	0.031
6329.1	0.031
6369.4	0.031
6410.3	0.033
6451.6	0.03
6493.5	0.03
6535.9	0.03
6578.9	0.03
6622.5	0.03
6666.7	0.031
6711.4	0.031
6756.8	0.03
6802.7	0.031
6849.3	0.031
6896.6	0.032
6944.4	0.034
6993	0.034
7042.3	0.034
7092.2	0.034
7142.9	0.036
7194.2	0.033
7246.4	0.034
7299.3	0.037
7407.4	0.037
7462.7	0.035
7518.8	0.036
7575.8	0.037
7633.6	0.038
7692.3	0.037
7751.9	0.037
7812.5	0.037
7874	0.037
7936.5	0.039
8000	0.037
8064.5	0.04
8130.1	0.042
8196.7	0.039
8264.5	0.039
8333.3	0.04
8403.4	0.04
8474.6	0.041
8547	0.039
8620.7	0.04
8695.7	0.041
8771.9	0.043
8849.6	0.043
8928.6	0.044
9009	0.044
9090.9	0.045
9174.3	0.048
9259.3	0.049
9345.8	0.049
9434	0.05
9523.8	0.052
9615.4	0.054
9708.7	0.058
9803.9	0.057
9901	0.058
10000	0.06
10101	0.062
10204.1	0.059
10309.3	0.06
10416.7	0.061
10526.3	0.059
10638.3	0.061
10752.7	0.061
10869.6	0.062
10989	0.066
11111.1	0.065
11236	0.067
11363.6	0.069
11494.3	0.069
11627.9	0.069
11764.7	0.067
11904.8	0.066
12048.2	0.062
12195.1	0.062
12345.7	0.062
12500	0.063
12658.2	0.062
12820.5	0.063
12987	0.062
13157.9	0.062
13333.3	0.064
13513.5	0.069
13698.6	0.071
13888.9	0.073
14084.5	0.073
14285.7	0.076
14492.8	0.075
14705.9	0.081
14925.4	0.083
15151.5	0.084
15384.6	0.086
15625	0.089
15873	0.097
16129	0.11
16393.4	0.125
16666.7	0.152
16949.2	0.25
17241.4	0.421
17543.9	0.621
17857.1	0.818
18181.8	1.001
18518.5	1.179
18867.9	1.35
19230.8	1.522
19607.8	1.693
20000	1.861
20408.2	2.026
20833.3	2.199
21276.6	2.4
21739.1	2.659
22222.2	3.017
22727.3	3.51
23255.8	4.071
23809.5	4.628
24390.2	4.458
25000	3.404
25641	2.304
26315.8	1.505
27027	0.838
27777.8	0.533
28571.4	0.366
29411.8	0.301
30303	0.289
31250	0.256
32258.1	0.222
33333.3	0.182
34482.8	0.162
35714.3	0.147
37037	0.133
38461.5	0.127
40000	0.127
41666.7	0.135
43478.3	0.132
45454.5	0.129
47619	0.124
50000	0.108
52631.6	0.109
55555.6	0.121
